RecordingTimestamp	GazePointIndex	GazePointX	GazePointY	DistanceLeft	DistanceRight	
9	1	850	369	558.48	558.48	
13	2	849	368	558.42	558.42	
16	3	852	365	558.43	558.43	
19	4	853	365	558.45	558.45	
23	5	854	363	558.44	558.44	
26	6	853	362	558.42	558.42	
29	7	854	365	558.37	558.37	
33	8	856	359	558.36	558.36	
36	9	853	357	558.36	558.36	
39	10	858	355	558.37	558.37	
43	11	855	361	558.33	558.33	
46	12	851	357	558.34	558.34	
49	13	852	368	558.34	558.34	
53	14	852	362	558.33	558.33	
56	15	851	361	558.33	558.33	
59	16	848	366	558.34	558.34	
63	17	851	364	558.34	558.34	
66	18	850	362	558.40	558.40	
69	19	851	365	558.40	558.40	
73	20	851	361	558.45	558.45	
76	21	852	366	558.44	558.44	
79	22	850	362	558.43	558.43	
83	23	855	364	558.43	558.43	
86	24	852	362	558.43	558.43	
89	25	853	361	558.43	558.43	
93	26	853	359	558.44	558.44	
96	27	854	361	558.43	558.43	
99	28	857	361	558.43	558.43	
103	29	856	362	558.50	558.50	
106	30	854	362	558.48	558.48	
109	31	859	361	558.48	558.48	
113	32	853	361	558.50	558.50	
116	33	854	358	558.45	558.45	
119	34	857	363	558.45	558.45	
123	35	854	356	558.45	558.45	
126	36	853	369	558.47	558.47	
129	37	855	359	558.44	558.44	
133	38	857	364	558.46	558.46	
136	39	855	368	558.47	558.47	
139	40	853	362	558.46	558.46	
143	41	852	363	558.46	558.46	
146	42	856	365	558.47	558.47	
149	43	850	364	558.48	558.48	
153	44	854	357	558.47	558.47	
156	45	855	362	558.48	558.48	
159	46	852	364	558.47	558.47	
163	47	857	359	558.44	558.44	
166	48	854	364	558.43	558.43	
169	49	855	363	558.39	558.39	
173	50	852	356	558.39	558.39	
176	51	854	360	558.44	558.44	
179	52	852	365	558.44	558.44	
183	53	854	365	558.45	558.45	
186	54	854	361	558.55	558.55	
189	55	856	361	558.56	558.56	
193	56	859	360	558.54	558.54	
196	57	854	362	558.54	558.54	
199	58	854	369	558.54	558.54	
203	59	852	364	558.54	558.54	
206	60	853	368	558.55	558.55	
209	61	855	366	558.54	558.54	
213	62	852	366	558.55	558.55	
216	63	853	370	558.56	558.56	
219	64	853	361	558.54	558.54	
223	65	857	362	558.56	558.56	
226	66	852	364	558.56	558.56	
229	67	854	366	558.55	558.55	
233	68	857	361	558.62	558.62	
236	69	852	363	558.61	558.61	
239	70	852	360	558.62	558.62	
243	71	854	362	558.63	558.63	
246	72	859	363	558.62	558.62	
249	73	857	363	558.62	558.62	
253	74	856	361	558.63	558.63	
256	75	858	364	558.56	558.56	
259	76	858	361	558.57	558.57	
263	77	860	362	558.57	558.57	
266	78	856	359	558.57	558.57	
269	79	857	361	558.59	558.59	
273	80	856	353	558.59	558.59	
276	81	861	358	558.61	558.61	
279	82	858	355	558.60	558.60	
283	83	856	357	558.62	558.62	
286	84	859	355	558.63	558.63	
289	85	854	355	558.70	558.70	
293	86	855	360	558.72	558.72	
296	87	855	359	558.73	558.73	
299	88	856	365	558.74	558.74	
303	89	852	362	558.75	558.75	
306	90	859	358	558.70	558.70	
309	91	857	356	558.71	558.71	
313	92	856	353	558.73	558.73	
316	93	854	358	558.71	558.71	
319	94	853	357	558.73	558.73	
323	95	859	356	558.74	558.74	
326	96	855	360	558.74	558.74	
329	97	856	358	558.75	558.75	
333	98	853	358	558.74	558.74	
336	99	853	357	558.74	558.74	
339	100	858	362	558.75	558.75	
