RecordingTimestamp	GazePointIndex	GazePointX	GazePointY	DistanceLeft	DistanceRight	
9	1	850	369	558.48	558.48	
13	2	849	368	558.42	558.42	
16	3	852	365	558.43	558.43	
19	4	853	365	558.45	558.45	
23	5	854	363	558.44	558.44	
26	6	853	362	558.42	558.42	
29	7	854	365	558.37	558.37	
33	8	856	359	558.36	558.36	
36	9	853	357	558.36	558.36	
39	10	858	355	558.37	558.37	
43	11	855	361	558.33	558.33	
46	12	851	357	558.34	558.34	
49	13	852	368	558.34	558.34	
53	14	852	362	558.33	558.33	
56	15	851	361	558.33	558.33	
59	16	848	366	558.34	558.34	
63	17	851	364	558.34	558.34	
66	18	850	362	558.40	558.40	
69	19	851	365	558.40	558.40	
73	20	851	361	558.45	558.45	
76	21	852	366	558.44	558.44	
79	22	850	362	558.43	558.43	
83	23	855	364	558.43	558.43	
86	24	852	362	558.43	558.43	
89	25	853	361	558.43	558.43	
93	26	853	359	558.44	558.44	
96	27	854	361	558.43	558.43	
99	28	857	361	558.43	558.43	
103	29	856	362	558.50	558.50	
106	30	854	362	558.48	558.48	
109	31	859	361	558.48	558.48	
113	32	853	361	558.50	558.50	
116	33	854	358	558.45	558.45	
119	34	857	363	558.45	558.45	
123	35	854	356	558.45	558.45	
126	36	853	369	558.47	558.47	
129	37	855	359	558.44	558.44	
133	38	857	364	558.46	558.46	
136	39	855	368	558.47	558.47	
139	40	853	362	558.46	558.46	
143	41	852	363	558.46	558.46	
146	42	856	365	558.47	558.47	
149	43	850	364	558.48	558.48	
153	44	854	357	558.47	558.47	
156	45	855	362	558.48	558.48	
159	46	852	364	558.47	558.47	
163	47	857	359	558.44	558.44	
166	48	854	364	558.43	558.43	
169	49	855	363	558.39	558.39	
173	50	852	356	558.39	558.39	
176	51	854	360	558.44	558.44	
179	52	852	365	558.44	558.44	
183	53	854	365	558.45	558.45	
186	54	854	361	558.55	558.55	
189	55	856	361	558.56	558.56	
193	56	859	360	558.54	558.54	
196	57	854	362	558.54	558.54	
199	58	854	369	558.54	558.54	
203	59	852	364	558.54	558.54	
206	60	853	368	558.55	558.55	
209	61	855	366	558.54	558.54	
213	62	852	366	558.55	558.55	
216	63	853	370	558.56	558.56	
219	64	853	361	558.54	558.54	
223	65	857	362	558.56	558.56	
226	66	852	364	558.56	558.56	
229	67	854	366	558.55	558.55	
233	68	857	361	558.62	558.62	
236	69	852	363	558.61	558.61	
239	70	852	360	558.62	558.62	
243	71	854	362	558.63	558.63	
246	72	859	363	558.62	558.62	
249	73	857	363	558.62	558.62	
253	74	856	361	558.63	558.63	
256	75	858	364	558.56	558.56	
259	76	858	361	558.57	558.57	
263	77	860	362	558.57	558.57	
266	78	856	359	558.57	558.57	
269	79	857	361	558.59	558.59	
273	80	856	353	558.59	558.59	
276	81	861	358	558.61	558.61	
279	82	858	355	558.60	558.60	
283	83	856	357	558.62	558.62	
286	84	859	355	558.63	558.63	
289	85	854	355	558.70	558.70	
293	86	855	360	558.72	558.72	
296	87	855	359	558.73	558.73	
299	88	856	365	558.74	558.74	
303	89	852	362	558.75	558.75	
306	90	859	358	558.70	558.70	
309	91	857	356	558.71	558.71	
313	92	856	353	558.73	558.73	
316	93	854	358	558.71	558.71	
319	94	853	357	558.73	558.73	
323	95	859	356	558.74	558.74	
326	96	855	360	558.74	558.74	
329	97	856	358	558.75	558.75	
333	98	853	358	558.74	558.74	
336	99	853	357	558.74	558.74	
339	100	858	362	558.75	558.75	
343	101	854	364	558.75	558.75	
346	102	857	360	558.72	558.72	
349	103	854	362	558.73	558.73	
353	104	856	365	558.80	558.80	
356	105	857	360	558.80	558.80	
359	106	855	364	558.81	558.81	
363	107	858	361	558.80	558.80	
366	108	858	363	558.85	558.85	
369	109	860	358	558.86	558.86	
373	110	861	363	558.88	558.88	
376	111	859	362	558.94	558.94	
379	112	859	360	558.92	558.92	
383	113	853	359	558.94	558.94	
386	114	852	359	558.96	558.96	
389	115	855	360	558.93	558.93	
393	116	855	361	558.93	558.93	
396	117	857	358	558.86	558.86	
399	118	855	361	558.88	558.88	
403	119	860	354	558.89	558.89	
406	120	860	357	558.88	558.88	
409	121	858	354	558.90	558.90	
413	122	856	354	558.90	558.90	
416	123	856	354	558.91	558.91	
419	124	859	357	559.01	559.01	
423	125	861	357	559.00	559.00	
426	126	862	359	558.99	558.99	
429	127	861	361	559.01	559.01	
433	128	865	354	559.02	559.02	
436	129	861	355	559.02	559.02	
439	130	860	356	559.07	559.07	
443	131	862	359	559.08	559.08	
446	132	859	358	559.09	559.09	
449	133	861	356	559.07	559.07	
453	134	862	359	559.09	559.09	
456	135	861	355	559.10	559.10	
459	136	862	358	559.03	559.03	
463	137	864	354	559.02	559.02	
466	138	861	355	559.03	559.03	
469	139	864	357	559.13	559.13	
473	140	863	361	559.10	559.10	
476	141	863	357	559.16	559.16	
479	142	862	361	559.11	559.11	
483	143	864	361	559.12	559.12	
486	144	865	359	559.12	559.12	
489	145	863	360	559.15	559.15	
493	146	863	358	559.17	559.17	
496	147	866	361	559.15	559.15	
499	148	863	357	559.19	559.19	
503	149	852	348	559.27	559.27	
506	150	831	326	559.43	559.43	
509	151	808	285	559.47	559.47	
513	152	790	239	559.58	559.58	
516	153	779	207	559.55	559.55	
519	154	773	179	559.67	559.67	
523	155	763	155	559.70	559.70	
526	156	749	141	559.79	559.79	
529	157	740	135	559.82	559.82	
533	158	732	134	559.74	559.74	
536	159	727	131	559.81	559.81	
539	160	729	135	559.86	559.86	
543	161	731	135	559.89	559.89	
546	162	735	133	559.95	559.95	
549	163	730	131	559.93	559.93	
553	164	727	118	559.87	559.87	
556	165	726	121	559.83	559.83	
559	166	727	120	559.82	559.82	
563	167	725	120	559.89	559.89	
566	168	721	120	559.90	559.90	
569	169	724	120	559.89	559.89	
573	170	722	121	559.90	559.90	
576	171	726	125	559.84	559.84	
579	172	725	122	559.81	559.81	
583	173	728	121	559.81	559.81	
586	174	725	124	559.82	559.82	
589	175	725	129	559.90	559.90	
593	176	729	123	559.97	559.97	
596	177	728	130	559.98	559.98	
599	178	728	126	560.00	560.00	
603	179	728	129	559.96	559.96	
606	180	727	129	559.98	559.98	
609	181	729	130	559.97	559.97	
613	182	731	129	560.04	560.04	
616	183	731	129	560.04	560.04	
619	184	729	128	560.04	560.04	
623	185	727	131	560.07	560.07	
626	186	729	133	560.00	560.00	
629	187	729	133	559.99	559.99	
633	188	728	132	560.04	560.04	
636	189	732	133	560.13	560.13	
639	190	729	130	560.21	560.21	
643	191	729	130	560.18	560.18	
646	192	730	131	560.18	560.18	
649	193	729	132	560.13	560.13	
653	194	728	132	560.11	560.11	
656	195	730	139	560.12	560.12	
659	196	730	136	560.07	560.07	
663	197	732	133	560.12	560.12	
666	198	730	136	560.07	560.07	
669	199	732	137	560.07	560.07	
673	200	730	138	560.06	560.06	
676	201	733	141	560.14	560.14	
679	202	731	135	560.16	560.16	
683	203	723	137	560.25	560.25	
686	204	706	127	560.19	560.19	
689	205	681	104	560.33	560.33	
693	206	655	83	560.34	560.34	
696	207	637	80	560.42	560.42	
699	208	619	86	560.43	560.43	
703	209	600	79	560.47	560.47	
706	210	581	77	560.47	560.47	
709	211	569	78	560.47	560.47	
713	212	562	75	560.47	560.47	
716	213	567	77	560.57	560.57	
719	214	568	71	560.49	560.49	
723	215	570	75	560.41	560.41	
726	216	569	73	560.48	560.48	
729	217	566	74	560.51	560.51	
733	218	568	75	560.57	560.57	
736	219	565	74	560.53	560.53	
739	220	569	76	560.56	560.56	
743	221	568	74	560.53	560.53	
746	222	569	76	560.57	560.57	
749	223	568	78	560.60	560.60	
753	224	573	78	560.57	560.57	
756	225	570	81	560.60	560.60	
759	226	567	79	560.58	560.58	
763	227	568	83	560.56	560.56	
766	228	573	80	560.58	560.58	
769	229	570	79	560.60	560.60	
773	230	569	80	560.72	560.72	
776	231	569	84	560.69	560.69	
779	232	571	79	560.61	560.61	
783	233	570	84	560.73	560.73	
786	234	572	85	560.75	560.75	
789	235	570	83	560.80	560.80	
793	236	569	85	560.79	560.79	
796	237	570	83	560.78	560.78	
799	238	571	83	560.79	560.79	
803	239	573	85	560.90	560.90	
806	240	573	88	560.86	560.86	
809	241	569	85	560.83	560.83	
813	242	567	86	560.84	560.84	
816	243	568	82	560.98	560.98	
819	244	572	85	560.97	560.97	
823	245	572	86	561.03	561.03	
826	246	573	81	560.98	560.98	
829	247	570	85	561.06	561.06	
833	248	569	86	561.04	561.04	
836	249	573	86	561.03	561.03	
839	250	576	85	561.16	561.16	
843	251	575	88	561.14	561.14	
846	252	573	85	561.15	561.15	
849	253	574	88	561.18	561.18	
853	254	573	87	561.19	561.19	
856	255	575	84	561.23	561.23	
859	256	573	84	561.28	561.28	
863	257	576	85	561.29	561.29	
866	258	574	85	561.25	561.25	
869	259	576	88	561.26	561.26	
873	260	584	87	561.33	561.33	
876	261	601	83	561.30	561.30	
879	262	621	80	561.28	561.28	
883	263	635	73	561.37	561.37	
886	264	646	73	561.42	561.42	
889	265	651	75	561.41	561.41	
893	266	654	75	561.42	561.42	
896	267	659	73	561.42	561.42	
899	268	659	73	561.38	561.38	
903	269	656	72	561.40	561.40	
906	270	656	70	561.40	561.40	
909	271	659	75	561.38	561.38	
913	272	659	74	561.54	561.54	
916	273	660	74	561.48	561.48	
919	274	659	72	561.49	561.49	
923	275	661	76	561.49	561.49	
926	276	660	72	561.43	561.43	
929	277	664	69	561.41	561.41	
933	278	661	74	561.34	561.34	
936	279	661	71	561.47	561.47	
939	280	660	75	561.52	561.52	
943	281	656	71	561.42	561.42	
946	282	661	73	561.44	561.44	
949	283	659	73	561.43	561.43	
953	284	658	74	561.49	561.49	
956	285	658	74	561.45	561.45	
959	286	658	74	561.45	561.45	
963	287	657	78	561.50	561.50	
966	288	660	77	561.49	561.49	
969	289	658	74	561.50	561.50	
973	290	661	74	561.51	561.51	
976	291	663	74	561.52	561.52	
979	292	661	75	561.50	561.50	
983	293	659	78	561.51	561.51	
986	294	659	76	561.57	561.57	
989	295	661	75	561.58	561.58	
993	296	659	80	561.49	561.49	
996	297	658	79	561.45	561.45	
999	298	655	80	561.48	561.48	
1003	299	658	79	561.47	561.47	
1006	300	657	82	561.52	561.52	
1009	301	656	79	561.52	561.52	
1013	302	656	78	561.54	561.54	
1016	303	656	77	561.54	561.54	
1019	304	658	79	561.53	561.53	
1023	305	657	76	561.55	561.55	
1026	306	657	79	561.54	561.54	
1029	307	657	81	561.63	561.63	
1033	308	656	80	561.54	561.54	
1036	309	652	79	561.55	561.55	
1039	310	654	81	561.54	561.54	
1043	311	658	79	561.56	561.56	
1046	312	657	78	561.49	561.49	
1049	313	656	80	561.52	561.52	
1053	314	656	78	561.52	561.52	
1056	315	654	79	561.54	561.54	
1059	316	653	78	561.54	561.54	
1063	317	655	82	561.60	561.60	
1066	318	658	82	561.58	561.58	
1069	319	656	80	561.59	561.59	
1073	320	656	85	561.68	561.68	
1076	321	655	81	561.68	561.68	
1079	322	656	81	561.70	561.70	
1083	323	656	80	561.64	561.64	
1086	324	656	80	561.65	561.65	
1089	325	656	80	561.64	561.64	
1093	326	656	84	561.67	561.67	
1096	327	657	82	561.70	561.70	
1099	328	657	80	561.69	561.69	
1103	329	657	80	561.72	561.72	
1106	330	656	81	561.68	561.68	
1109	331	655	82	561.69	561.69	
1113	332	652	80	561.69	561.69	
1116	333	655	84	561.63	561.63	
1119	334	654	85	561.64	561.64	
1123	335	654	80	561.65	561.65	
1126	336	654	78	561.65	561.65	
1129	337	657	80	561.65	561.65	
1133	338	654	80	561.66	561.66	
1136	339	653	80	561.66	561.66	
1139	340	657	84	561.68	561.68	
1143	341	655	78	561.69	561.69	
1146	342	656	82	561.69	561.69	
1149	343	659	77	561.71	561.71	
1153	344	658	80	561.72	561.72	
1156	345	656	81	561.70	561.70	
1159	346	658	84	561.64	561.64	
1163	347	670	83	561.66	561.66	
1166	348	681	86	561.80	561.80	
1169	349	688	86	561.83	561.83	
1173	350	698	87	561.84	561.84	
1176	351	695	85	561.85	561.85	
1179	352	692	87	561.86	561.86	
1183	353	694	87	561.88	561.88	
1186	354	693	84	561.85	561.85	
1189	355	695	90	561.85	561.85	
1193	356	693	87	561.84	561.84	
1196	357	693	86	561.84	561.84	
1199	358	692	85	561.83	561.83	
1203	359	689	83	561.86	561.86	
1206	360	694	86	561.87	561.87	
1209	361	692	88	561.87	561.87	
1213	362	691	87	561.87	561.87	
1216	363	693	88	561.86	561.86	
1219	364	695	83	561.77	561.77	
1223	365	692	84	561.78	561.78	
1226	366	691	85	561.77	561.77	
1229	367	696	87	561.79	561.79	
1233	368	694	85	561.78	561.78	
1236	369	691	83	561.78	561.78	
1239	370	692	82	561.79	561.79	
1243	371	691	83	561.77	561.77	
1246	372	694	84	561.77	561.77	
1249	373	690	87	561.80	561.80	
1253	374	693	84	561.79	561.79	
1256	375	692	86	561.78	561.78	
1259	376	694	87	561.79	561.79	
1263	377	698	90	561.79	561.79	
1266	378	695	85	561.81	561.81	
1269	379	693	87	561.80	561.80	
1273	380	693	88	561.80	561.80	
1276	381	693	86	561.80	561.80	
1279	382	691	86	561.79	561.79	
1283	383	694	84	561.81	561.81	
1286	384	695	87	561.81	561.81	
1289	385	692	85	561.71	561.71	
1293	386	692	85	561.86	561.86	
1296	387	695	84	561.85	561.85	
1299	388	692	87	561.81	561.81	
1303	389	691	86	561.81	561.81	
1306	390	693	87	561.81	561.81	
1309	391	691	88	561.80	561.80	
1313	392	694	87	561.82	561.82	
1316	393	694	83	561.79	561.79	
1319	394	693	88	561.79	561.79	
1323	395	690	87	561.81	561.81	
1326	396	689	86	561.78	561.78	
1329	397	683	84	561.84	561.84	
1333	398	672	84	561.86	561.86	
1336	399	668	84	561.88	561.88	
1339	400	665	86	561.88	561.88	
1343	401	667	85	561.89	561.89	
1346	402	668	84	561.88	561.88	
1349	403	667	83	561.88	561.88	
1353	404	668	87	561.87	561.87	
1356	405	670	85	561.87	561.87	
1359	406	672	84	561.81	561.81	
1363	407	673	81	561.81	561.81	
1366	408	667	81	561.80	561.80	
1369	409	670	82	561.79	561.79	
1373	410	668	83	561.80	561.80	
1376	411	671	83	561.78	561.78	
1379	412	668	83	561.78	561.78	
1383	413	669	85	561.79	561.79	
1386	414	669	80	561.75	561.75	
1389	415	667	87	561.71	561.71	
1393	416	669	85	561.76	561.76	
1396	417	668	85	561.79	561.79	
1399	418	669	87	561.77	561.77	
1403	419	666	86	561.77	561.77	
1406	420	667	84	561.75	561.75	
1409	421	671	85	561.77	561.77	
1413	422	669	84	561.82	561.82	
1416	423	669	85	561.81	561.81	
1419	424	669	84	561.87	561.87	
1423	425	668	88	561.86	561.86	
1426	426	668	84	561.85	561.85	
1429	427	673	87	561.80	561.80	
1433	428	670	85	561.79	561.79	
1436	429	673	84	561.78	561.78	
1439	430	669	84	561.78	561.78	
1443	431	669	87	561.75	561.75	
1446	432	665	88	561.83	561.83	
1449	433	670	87	561.82	561.82	
1453	434	667	86	561.81	561.81	
1456	435	667	85	561.73	561.73	
1459	436	669	83	561.79	561.79	
1463	437	668	82	561.73	561.73	
1466	438	665	85	561.69	561.69	
1469	439	669	82	561.69	561.69	
1473	440	665	83	561.68	561.68	
1476	441	667	83	561.68	561.68	
1479	442	666	81	561.67	561.67	
1483	443	666	84	561.67	561.67	
1486	444	668	87	561.66	561.66	
1489	445	666	86	561.59	561.59	
1493	446	666	86	561.65	561.65	
1496	447	668	86	561.64	561.64	
1499	448	665	86	561.65	561.65	
1503	449	668	84	561.59	561.59	
1506	450	667	85	561.69	561.69	
1509	451	665	84	561.69	561.69	
1513	452	668	82	561.76	561.76	
1516	453	669	84	561.69	561.69	
1519	454	671	87	561.67	561.67	
1523	455	667	89	561.64	561.64	
1526	456	670	85	561.63	561.63	
1529	457	666	87	561.62	561.62	
1533	458	668	85	561.64	561.64	
1536	459	665	82	561.64	561.64	
1539	460	662	85	561.64	561.64	
1543	461	668	84	561.64	561.64	
1546	462	665	88	561.60	561.60	
1549	463	665	83	561.59	561.59	
1553	464	664	86	561.59	561.59	
1556	465	663	88	561.60	561.60	
1559	466	665	82	561.59	561.59	
1563	467	663	82	561.58	561.58	
1566	468	664	86	561.59	561.59	
1569	469	663	88	561.57	561.57	
1573	470	664	85	561.57	561.57	
1576	471	665	85	561.60	561.60	
1579	472	664	87	561.58	561.58	
1583	473	661	88	561.59	561.59	
1586	474	662	85	561.57	561.57	
1589	475	663	84	561.59	561.59	
1593	476	663	83	561.57	561.57	
1596	477	664	83	561.58	561.58	
1599	478	662	87	561.58	561.58	
1603	479	662	82	561.55	561.55	
1606	480	663	84	561.56	561.56	
1609	481	661	83	561.54	561.54	
1613	482	663	83	561.50	561.50	
1616	483	666	84	561.51	561.51	
1619	484	664	85	561.52	561.52	
1623	485	662	87	561.56	561.56	
1626	486	664	85	561.57	561.57	
1629	487	666	88	561.55	561.55	
1633	488	667	87	561.54	561.54	
1636	489	663	85	561.55	561.55	
1639	490	665	87	561.55	561.55	
1643	491	669	83	561.54	561.54	
1646	492	667	86	561.54	561.54	
1649	493	665	83	561.51	561.51	
1653	494	672	84	561.55	561.55	
1656	495	690	80	561.47	561.47	
1659	496	706	83	561.42	561.42	
1663	497	712	83	561.58	561.58	
1666	498	714	86	561.53	561.53	
1669	499	714	85	561.44	561.44	
1673	500	714	83	565.12	565.12	
1676	501	722	80		0.00	
1679	502	724	76	566.84	566.84	
1683	503	720	86	561.43	561.43	
1686	504	717	98	561.43	561.43	
1689	505	720	86	561.42	561.42	
1693	506	721	87	561.47	561.47	
1696	507	721	89	561.46	561.46	
1699	508	721	88	561.46	561.46	
1703	509	721	87	561.44	561.44	
1706	510	722	86	561.45	561.45	
1709	511	719	88	561.40	561.40	
1713	512	719	83	561.40	561.40	
1716	513	718	86	561.38	561.38	
1719	514	721	85	561.33	561.33	
1723	515	718	91	561.34	561.34	
1726	516	724	88	561.34	561.34	
1729	517	722	84	561.33	561.33	
1733	518	721	86	561.37	561.37	
1736	519	719	83	561.42	561.42	
1739	520	717	84	561.36	561.36	
1743	521	716	84	561.35	561.35	
1746	522	718	84	561.41	561.41	
1749	523	716	86	561.41	561.41	
1753	524	718	86	561.35	561.35	
1756	525	717	84	561.42	561.42	
1759	526	707	85	565.55	565.55	
1763	527	713	83	566.12	566.12	
1766	528	718	84	561.38	561.38	
1769	529	721	87	561.39	561.39	
1773	530	719	88	561.40	561.40	
1776	531	722	84	561.40	561.40	
1779	532	718	86	561.40	561.40	
1783	533	718	84	561.46	561.46	
1786	534	720	82	561.45	561.45	
1789	535	721	86	561.46	561.46	
1793	536	721	84	561.46	561.46	
1796	537	722	86	561.41	561.41	
1799	538	723	84	561.43	561.43	
1803	539	720	86	561.38	561.38	
1806	540	716	85	561.39	561.39	
1809	541	719	86	561.42	561.42	
1813	542	718	87	561.42	561.42	
1816	543	716	85	561.48	561.48	
1819	544	714	83	561.58	561.58	
1823	545	718	85	561.58	561.58	
1826	546	716	84	561.51	561.51	
1829	547	719	83	561.52	561.52	
1833	548	720	85	561.52	561.52	
1836	549	720	85	561.46	561.46	
1839	550	720	87	561.49	561.49	
1843	551	720	87	561.50	561.50	
1846	552	722	84	561.56	561.56	
1849	553	720	85	561.57	561.57	
1853	554	719	88	561.57	561.57	
1856	555	719	85	561.56	561.56	
1859	556	719	85	561.59	561.59	
1863	557	720	85	561.60	561.60	
1866	558	722	86	561.55	561.55	
1869	559	721	84	561.60	561.60	
1873	560	716	83	561.58	561.58	
1876	561	718	84	561.66	561.66	
1879	562	717	82	561.64	561.64	
1883	563	721	80	561.68	561.68	
1886	564	716	85	561.68	561.68	
1889	565	719	82	561.70	561.70	
1893	566	715	81	561.60	561.60	
1896	567	717	87	561.60	561.60	
1899	568	718	85	561.55	561.55	
1903	569	719	84	561.56	561.56	
1906	570	721	86	561.57	561.57	
1909	571	724	85	561.57	561.57	
1913	572	722	86	561.58	561.58	
1916	573	719	84	561.63	561.63	
1919	574	722	82	561.64	561.64	
1923	575	721	84	561.62	561.62	
1926	576	721	85	561.69	561.69	
1929	577	723	85	561.71	561.71	
1933	578	724	88	561.72	561.72	
1936	579	723	86	561.73	561.73	
1939	580	720	88	561.71	561.71	
1943	581	721	85	561.71	561.71	
1946	582	722	87	561.70	561.70	
1949	583	722	85	561.78	561.78	
1953	584	724	86	561.73	561.73	
1956	585	722	87	561.73	561.73	
1959	586	722	87	561.73	561.73	
1963	587	720	87	561.68	561.68	
1966	588	724	86	561.69	561.69	
1969	589	723	85	561.68	561.68	
1973	590	726	84	561.68	561.68	
1976	591	726	84	561.68	561.68	
1979	592	722	86	561.69	561.69	
1983	593	720	84	561.74	561.74	
1986	594	723	86	561.76	561.76	
1989	595	720	83	561.75	561.75	
1993	596	723	86	561.76	561.76	
1996	597	722	83	561.66	561.66	
1999	598	723	85	561.69	561.69	
2002	599	720	83	561.69	561.69	
2006	600	717	86	561.69	561.69	
2009	601	725	68	569.28	569.28	
2013	602	724	74	566.78	566.78	
2016	603	722	83	561.66	561.66	
2019	604	721	86	561.73	561.73	
2023	605	725	74	567.67	567.67	
2026	606	723	87	561.72	561.72	
2029	607	722	88	561.73	561.73	
2032	608	725	74	567.65	567.65	
2036	609	726	72	567.71	567.71	
2039	610	725	84	561.72	561.72	
2043	611	725	86	561.72	561.72	
2046	612	725	88	561.73	561.73	
2049	613	722	83	561.73	561.73	
2053	614	727	76	567.50	567.50	
2056	615	723	87	561.73	561.73	
2059	616	723	87	561.73	561.73	
2063	617	725	82	561.73	561.73	
2066	618	723	88	561.73	561.73	
2069	619	724	84	561.72	561.72	
2072	620	730	85	561.73	561.73	
2076	621	725	77	567.38	567.38	
2079	622	727	90	561.71	561.71	
2083	623	737	87	561.66	561.66	
2086	624	753	90	561.66	561.66	
2089	625	774	93	561.72	561.72	
2093	626	786	95	561.71	561.71	
2096	627	790	85	570.76	570.76	
2099	628	792	93	568.54	568.54	
2102	629	799	94	561.74	561.74	
2106	630	800	95	561.76	561.76	
2109	631	801	96	561.75	561.75	
2113	632	800	93	561.74	561.74	
2116	633	797	93	561.72	561.72	
2119	634	797	95	561.71	561.71	
2123	635	797	91	561.70	561.70	
2126	636	798	92	561.70	561.70	
2129	637	799	92	561.69	561.69	
2132	638	800	94	561.70	561.70	
2136	639	800	96	561.66	561.66	
2139	640	802	93	561.71	561.71	
2142	641	800	94	561.71	561.71	
2146	642	800	95	561.71	561.71	
2149	643	799	102	561.71	561.71	
2153	644	794	79	570.95	570.95	
2156	645	797	92	561.65	561.65	
2159	646	801	96	561.64	561.64	
2163	647	795	100	561.64	561.64	
2166	648	798	90	561.66	561.66	
2169	649	799	89	561.65	561.65	
2172	650	798	87	561.65	561.65	
2176	651	794	88	561.64	561.64	
2179	652	795	89	561.63	561.63	
2183	653	797	86	561.63	561.63	
2186	654	795	90	561.64	561.64	
2189	655	796	92	561.60	561.60	
2193	656	795	86	561.60	561.60	
2196	657	795	91	561.52	561.52	
2199	658	797	86	561.53	561.53	
2202	659	801	91	561.59	561.59	
2206	660	799	91	561.58	561.58	
2209	661	798	90	561.58	561.58	
2212	662	797	91	561.57	561.57	
2216	663	799	90	561.57	561.57	
2219	664	787	82	570.29	570.29	
2223	665	793	78	570.89	570.89	
2226	666	799	92	561.49	561.49	
2229	667	800	95	561.58	561.58	
2232	668	792	78	570.19	570.19	
2236	669	798	92	561.57	561.57	
2239	670	799	96	561.55	561.55	
2242	671	794	84	569.93	569.93	
2246	672	801	95	561.55	561.55	
2249	673	801	93	561.48	561.48	
2253	674	797	97	561.47	561.47	
2256	675	796	93	561.47	561.47	
2259	676	801	90	561.53	561.53	
2262	677	801	90	561.53	561.53	
2266	678	802	88	561.51	561.51	
2269	679	800	86	561.56	561.56	
2272	680	801	93	561.59	561.59	
2276	681	800	93	561.53	561.53	
2279	682	801	91	561.50	561.50	
2283	683	805	87	561.50	561.50	
2286	684	799	89	561.51	561.51	
2289	685	801	91	561.51	561.51	
2293	686	800	90	561.49	561.49	
2296	687	800	91	561.48	561.48	
2299	688	800	86	561.46	561.46	
2302	689	800	90	561.46	561.46	
2306	690	799	90	561.47	561.47	
2309	691	800	90	561.44	561.44	
2312	692	798	87	561.45	561.45	
2316	693	800	90	561.44	561.44	
2319	694	802	90	561.43	561.43	
2323	695	799	86	561.39	561.39	
2326	696	797	88	561.36	561.36	
2329	697	798	93	561.36	561.36	
2332	698	799	88	561.34	561.34	
2336	699	803	89	561.34	561.34	
2339	700	800	92	561.32	561.32	
2342	701	803	88	561.32	561.32	
2346	702	798	90	561.31	561.31	
2349	703	798	87	561.31	561.31	
2353	704	797	87	561.32	561.32	
2356	705	800	89	561.36	561.36	
2359	706	800	87	561.34	561.34	
2362	707	801	88	561.30	561.30	
2366	708	801	86	561.29	561.29	
2369	709	794	78	569.49	569.49	
2372	710	801	88	561.30	561.30	
2376	711	803	88	561.29	561.29	
2379	712	794	76	569.53	569.53	
2382	713	800	89	561.25	561.25	
2386	714	798	90	561.26	561.26	
2389	715	799	93	561.26	561.26	
2393	716	802	87	561.24	561.24	
2396	717	804	85	561.27	561.27	
2399	718	798	81	567.74	567.74	
2402	719	802	90	561.17	561.17	
2406	720	802	84	561.15	561.15	
2409	721	803	95	561.15	561.15	
2412	722	803	85	561.15	561.15	
2416	723	802	86	561.21	561.21	
2419	724	796	80	570.17	570.17	
2423	725	801	83	561.15	561.15	
2426	726	799	85	561.15	561.15	
2429	727	799	75	569.81	569.81	
2432	728	795	75	570.18	570.18	
2436	729	800	86	561.17	561.17	
2439	730	800	84	561.17	561.17	
2442	731	798	74	570.46	570.46	
2446	732	796	79	570.77	570.77	
2449	733	801	85	561.17	561.17	
2452	734	802	85	561.17	561.17	
2456	735	793	73	570.77	570.77	
2459	736	799	84	561.16	561.16	
2462	737	797	84	561.16	561.16	
2466	738	800	95	561.16	561.16	
2469	739	799	85	561.28	561.28	
2472	740	802	86	561.29	561.29	
2476	741	805	80	561.29	561.29	
2479	742	814	87	561.27	561.27	
2482	743	830	85	561.07	561.07	
2486	744	846	82	561.24	561.24	
2489	745	869	82	561.21	561.21	
2493	746	882	80	565.88	565.88	
2496	747	897	72	561.22	561.22	
2499	748	904	77	561.21	561.21	
2502	749	907	72	561.21	561.21	
2506	750	903	74	561.27	561.27	
2509	751	902	75	561.26	561.26	
2512	752	900	69	561.25	561.25	
2516	753	901	71	561.28	561.28	
2519	754	902	74	561.23	561.23	
2522	755	902	74	561.24	561.24	
2526	756	901	72	561.27	561.27	
2529	757	906	71	561.28	561.28	
2532	758	902	74	561.32	561.32	
2536	759	904	76	561.34	561.34	
2539	760	903	74	561.26	561.26	
2542	761	903	71	561.20	561.20	
2546	762	903	73	561.20	561.20	
2549	763	900	76	561.13	561.13	
2552	764	896	72	561.15	561.15	
2556	765	899	72	561.17	561.17	
2559	766	899	72	561.15	561.15	
2562	767	903	74	561.17	561.17	
2566	768	901	70	561.16	561.16	
2569	769	899	73	561.14	561.14	
2572	770	904	70	561.20	561.20	
2576	771	903	69	561.21	561.21	
2579	772	902	70	561.21	561.21	
2582	773	901	72	561.22	561.22	
2586	774	903	71	561.24	561.24	
2589	775	904	71	561.22	561.22	
2592	776	902	69	561.23	561.23	
2596	777	908	71	561.23	561.23	
2599	778	903	68	561.23	561.23	
2602	779	906	70	561.24	561.24	
2606	780	902	69	561.24	561.24	
2609	781	905	69	561.29	561.29	
2612	782	899	70	561.30	561.30	
2616	783	903	72	561.26	561.26	
2619	784	901	74	561.30	561.30	
2622	785	901	68	561.34	561.34	
2626	786	899	73	561.35	561.35	
2629	787	899	69	561.37	561.37	
2632	788	902	70	561.30	561.30	
2636	789	901	75	561.19	561.19	
2639	790	902	72	561.20	561.20	
2642	791	903	72	561.19	561.19	
2646	792	903	71	561.20	561.20	
2649	793	899	71	561.16	561.16	
2652	794	900	70	561.22	561.22	
2656	795	900	71	561.28	561.28	
2659	796	897	69	561.31	561.31	
2662	797	900	69	561.30	561.30	
2666	798	898	73	561.29	561.29	
2669	799	898	73	561.32	561.32	
2672	800	903	72	561.33	561.33	
2676	801	900	72	561.34	561.34	
2679	802	899	74	561.34	561.34	
2682	803	897	70	561.34	561.34	
2686	804	901	72	561.35	561.35	
2689	805	902	71	561.36	561.36	
2692	806	901	70	561.36	561.36	
2696	807	902	67	561.37	561.37	
2699	808	904	71	561.39	561.39	
2702	809	901	68	561.38	561.38	
2706	810	898	70	561.39	561.39	
2709	811	902	70	561.38	561.38	
2712	812	903	69	561.38	561.38	
2716	813	901	71	561.37	561.37	
2719	814	902	70	561.38	561.38	
2722	815	901	70	561.38	561.38	
2726	816	898	70	561.39	561.39	
2729	817	900	72	561.45	561.45	
2732	818	896	73	561.44	561.44	
2736	819	899	72	561.44	561.44	
2739	820	899	70	561.44	561.44	
2742	821	900	74	561.47	561.47	
2746	822	901	74	561.46	561.46	
2749	823	902	74	561.48	561.48	
2752	824	900	72	561.47	561.47	
2756	825	898	76	561.49	561.49	
2759	826	898	75	561.51	561.51	
2762	827	900	72	561.52	561.52	
2766	828	900	72	561.40	561.40	
2769	829	901	71	561.39	561.39	
2772	830	897	71	561.34	561.34	
2776	831	900	73	561.35	561.35	
2779	832	899	72	561.41	561.41	
2782	833	896	73	561.42	561.42	
2786	834	899	73	561.41	561.41	
2789	835	900	75	561.41	561.41	
2792	836	898	72	561.43	561.43	
2796	837	898	75	561.42	561.42	
2799	838	900	71	561.40	561.40	
2802	839	897	74	561.40	561.40	
2806	840	898	76	561.40	561.40	
2809	841	897	74	561.42	561.42	
2812	842	899	73	561.41	561.41	
2816	843	902	69	561.41	561.41	
2819	844	897	74	561.39	561.39	
2822	845	900	74	561.39	561.39	
2826	846	898	72	561.40	561.40	
2829	847	896	77	561.39	561.39	
2832	848	902	75	561.39	561.39	
2836	849	897	74	561.40	561.40	
2839	850	899	74	561.38	561.38	
2842	851	901	74	561.38	561.38	
2846	852	898	73	561.43	561.43	
2849	853	900	76	561.39	561.39	
2852	854	898	77	561.38	561.38	
2856	855	898	74	561.38	561.38	
2859	856	895	75	561.39	561.39	
2862	857	899	73	561.40	561.40	
2866	858	896	73	561.38	561.38	
2869	859	895	72	561.43	561.43	
2872	860	898	74	561.43	561.43	
2876	861	898	74	561.42	561.42	
2879	862	896	71	561.41	561.41	
2882	863	894	74	561.43	561.43	
2886	864	895	73	561.42	561.42	
2889	865	896	74	561.42	561.42	
2892	866	895	68	561.42	561.42	
2896	867	895	71	561.42	561.42	
2899	868	894	69	561.43	561.43	
2902	869	895	69	561.42	561.42	
2906	870	897	68	561.40	561.40	
2909	871	900	72	561.39	561.39	
2912	872	912	67	561.37	561.37	
2916	873	920	73	561.31	561.31	
2919	874	933	73	561.27	561.27	
2922	875	936	70	561.28	561.28	
2926	876	933	74	561.26	561.26	
2929	877	941	70	561.27	561.27	
2932	878	941	67	561.28	561.28	
2936	879	944	68	561.26	561.26	
2939	880	943	70	561.25	561.25	
2942	881	944	72	561.27	561.27	
2946	882	943	72	561.26	561.26	
2949	883	942	73	561.26	561.26	
2952	884	944	73	561.24	561.24	
2956	885	942	71	561.25	561.25	
2959	886	941	72	561.24	561.24	
2962	887	942	71	561.25	561.25	
2966	888	941	73	561.22	561.22	
2969	889	942	72	561.24	561.24	
2972	890	942	73	561.22	561.22	
2976	891	942	72	561.22	561.22	
2979	892	942	71	561.22	561.22	
2982	893	944	72	561.22	561.22	
2986	894	943	71	561.23	561.23	
2989	895	942	71	561.22	561.22	
2992	896	945	72	561.16	561.16	
2996	897	941	77	561.15	561.15	
2999	898	942	76	561.13	561.13	
3002	899	937	75	561.20	561.20	
3006	900	940	75	561.14	561.14	
3009	901	939	74	561.19	561.19	
3012	902	942	72	561.18	561.18	
3016	903	941	74	561.17	561.17	
3019	904	941	74	561.17	561.17	
3022	905	943	72	561.16	561.16	
3026	906	940	76	561.16	561.16	
3029	907	942	73	561.17	561.17	
3032	908	942	76	561.17	561.17	
3036	909	940	74	561.16	561.16	
3039	910	939	79	561.17	561.17	
3042	911	937	75	561.17	561.17	
3046	912	936	77	561.14	561.14	
3049	913	936	78	561.14	561.14	
3052	914	939	77	561.16	561.16	
3056	915	944	73	561.15	561.15	
3059	916	943	76	561.14	561.14	
3062	917	940	71	561.14	561.14	
3066	918	944	75	561.20	561.20	
3069	919	939	76	561.20	561.20	
3072	920	941	76	561.20	561.20	
3076	921	942	73	561.20	561.20	
3079	922	943	75	561.19	561.19	
3082	923	943	75	561.19	561.19	
3086	924	938	76	561.12	561.12	
3089	925	940	78	561.09	561.09	
3092	926	942	75	561.08	561.08	
3096	927	943	76	561.01	561.01	
3099	928	942	76	561.04	561.04	
3102	929	940	74	560.98	560.98	
3106	930	946	74	560.99	560.99	
3109	931	943	78	560.99	560.99	
3112	932	942	77	561.00	561.00	
3116	933	943	77	561.02	561.02	
3119	934	940	76	561.02	561.02	
3122	935	942	78	561.07	561.07	
3126	936	940	78	561.06	561.06	
3129	937	944	79	561.06	561.06	
3132	938	941	75	561.04	561.04	
3136	939	942	74	561.05	561.05	
3139	940	945	75	561.06	561.06	
3142	941	944	72	561.10	561.10	
3146	942	944	75	561.12	561.12	
3149	943	941	71	560.92	560.92	
3152	944	942	77	560.95	560.95	
3156	945	940	74	560.89	560.89	
3159	946	940	74	560.93	560.93	
3162	947	937	78	560.93	560.93	
3166	948	943	78	560.98	560.98	
3169	949	940	78	560.97	560.97	
3172	950	937	77	561.03	561.03	
3176	951	941	78	561.03	561.03	
3179	952	941	75	561.02	561.02	
3182	953	942	77	561.03	561.03	
3186	954	940	76	561.03	561.03	
3189	955	940	73	561.04	561.04	
3192	956	939	76	561.04	561.04	
3196	957	943	74	561.04	561.04	
3199	958	941	73	561.03	561.03	
3202	959	942	74	561.03	561.03	
3206	960	946	75	561.04	561.04	
3209	961	945	75	561.05	561.05	
3212	962	944	74	560.99	560.99	
3216	963	947	73	560.93	560.93	
3219	964	947	75	560.97	560.97	
3222	965	943	74	560.95	560.95	
3226	966	942	76	560.89	560.89	
3229	967	944	76	560.98	560.98	
3232	968	941	75	561.00	561.00	
3236	969	942	76	560.99	560.99	
3239	970	941	77	561.00	561.00	
3242	971	942	75	561.01	561.01	
3246	972	939	75	560.99	560.99	
3249	973	943	78	561.00	561.00	
3252	974	937	77	561.00	561.00	
3256	975	940	78	561.01	561.01	
3259	976	941	76	561.01	561.01	
3262	977	943	78	561.00	561.00	
3266	978	945	73	561.07	561.07	
3269	979	941	80	561.07	561.07	
3272	980	945	75	561.07	561.07	
3276	981	945	78	561.07	561.07	
3279	982	944	78	561.06	561.06	
3282	983	942	76	561.08	561.08	
3286	984	943	76	561.08	561.08	
3289	985	943	72	561.08	561.08	
3292	986	943	71	561.09	561.09	
3296	987	944	76	561.10	561.10	
3299	988	945	75	561.09	561.09	
3302	989	946	75	561.10	561.10	
3306	990	946	75	561.11	561.11	
3309	991	944	76	561.11	561.11	
3312	992	946	75	561.06	561.06	
3316	993	948	74	561.08	561.08	
3319	994	944	73	560.99	560.99	
3322	995	947	74	561.06	561.06	
3326	996	943	73	561.12	561.12	
3329	997	943	75	561.12	561.12	
3332	998	946	73	561.14	561.14	
3336	999	945	73	561.14	561.14	
3339	1000	945	74	561.14	561.14	
3342	1001	943	73	561.15	561.15	
3346	1002	943	75	561.10	561.10	
3349	1003	941	76	561.16	561.16	
3352	1004	947	73	561.17	561.17	
3356	1005	943	74	561.19	561.19	
3359	1006	942	73	561.19	561.19	
3362	1007	944	73	561.18	561.18	
3366	1008	943	74	561.19	561.19	
3369	1009	951	72	561.16	561.16	
3372	1010	960	73	561.14	561.14	
3376	1011	972	75	561.11	561.11	
3379	1012	974	74	561.10	561.10	
3382	1013	977	75	561.11	561.11	
3386	1014	976	74	561.16	561.16	
3389	1015	975	73	561.17	561.17	
3392	1016	975	73	561.18	561.18	
3396	1017	978	71	561.19	561.19	
3399	1018	973	71	561.19	561.19	
3402	1019	973	70	561.19	561.19	
3406	1020	974	72	561.21	561.21	
3409	1021	977	71	561.20	561.20	
3412	1022	978	78	561.11	561.11	
3416	1023	975	79	561.15	561.15	
3419	1024	977	79	561.18	561.18	
3422	1025	974	85	561.18	561.18	
3426	1026	977	77	561.19	561.19	
3429	1027	975	81	561.19	561.19	
3432	1028	972	74	568.72	568.72	
3436	1029	976	80	561.20	561.20	
3439	1030	976	80	561.19	561.19	
3442	1031	974	73	568.70	568.70	
3446	1032	978	80	561.21	561.21	
3449	1033	975	80	561.19	561.19	
3452	1034	977	91	561.19	561.19	
3456	1035	976	83	561.22	561.22	
3459	1036	976	83	561.27	561.27	
3462	1037	968	79	566.23	566.23	
3466	1038	976	82	561.28	561.28	
3469	1039	974	83	561.22	561.22	
3472	1040	977	79	561.17	561.17	
3476	1041	977	84	561.18	561.18	
3479	1042	976	84	561.20	561.20	
3482	1043	977	79	561.21	561.21	
3486	1044	974	82	561.20	561.20	
3489	1045	977	81	561.24	561.24	
3492	1046	976	82	561.25	561.25	
3496	1047	978	79	561.26	561.26	
3499	1048	976	83	561.38	561.38	
3502	1049	975	80	561.31	561.31	
3506	1050	975	81	561.30	561.30	
3509	1051	978	79	561.32	561.32	
3512	1052	976	79	561.29	561.29	
3516	1053	973	79	561.29	561.29	
3519	1054	975	78	561.32	561.32	
3522	1055	977	79	561.37	561.37	
3526	1056	977	81	561.30	561.30	
3529	1057	977	82	561.29	561.29	
3532	1058	976	78	561.29	561.29	
3536	1059	976	75	561.30	561.30	
3539	1060	978	82	561.31	561.31	
3542	1061	972	81	567.30	567.30	
3546	1062	974	84	561.36	561.36	
3549	1063	974	83	561.35	561.35	
3552	1064	972	75	569.43	569.43	
3556	1065	978	81	561.37	561.37	
3559	1066	977	83	561.32	561.32	
3562	1067	974	95	561.32	561.32	
3566	1068	973	82	561.39	561.39	
3569	1069	976	79	561.40	561.40	
3572	1070	971	74	569.10	569.10	
3576	1071	978	80	561.41	561.41	
3579	1072	978	83	561.39	561.39	
3582	1073	972	74	568.89	568.89	
3586	1074	978	84	561.40	561.40	
3589	1075	976	84	561.40	561.40	
3592	1076	970	75	569.13	569.13	
3596	1077	980	84	561.34	561.34	
3599	1078	979	85	561.34	561.34	
3602	1079	975	80	565.76	565.76	
3606	1080	979	80	561.35	561.35	
3609	1081	977	87	561.34	561.34	
3612	1082	975	78	566.59	566.59	
3616	1083	976	83	561.33	561.33	
3619	1084	979	81	561.33	561.33	
3622	1085	973	83	565.94	565.94	
3626	1086	977	84	561.33	561.33	
3629	1087	976	82	561.39	561.39	
3632	1088	973	74	569.09	569.09	
3636	1089	975	83	561.39	561.39	
3639	1090	978	84	561.38	561.38	
3642	1091	974	83	561.39	561.39	
3646	1092	972	74	568.99	568.99	
3649	1093	977	84	561.35	561.35	
3652	1094	977	81	561.30	561.30	
3656	1095	976	82	561.32	561.32	
3659	1096	977	82	561.34	561.34	
3662	1097	976	84	561.33	561.33	
3666	1098	976	81	561.35	561.35	
3669	1099	977	84	561.34	561.34	
3672	1100	976	83	561.30	561.30	
3676	1101	978	82	561.31	561.31	
3679	1102	977	83	561.30	561.30	
3682	1103	976	83	561.29	561.29	
3686	1104	977	84	561.29	561.29	
3689	1105	974	83	561.30	561.30	
3692	1106	974	84	561.31	561.31	
3696	1107	978	85	561.24	561.24	
3699	1108	978	82	561.24	561.24	
3702	1109	975	83	561.24	561.24	
3706	1110	975	72	569.77	569.77	
3709	1111	977	82	561.31	561.31	
3712	1112	976	83	561.29	561.29	
3716	1113	973	77	568.83	568.83	
3719	1114	974	84	561.38	561.38	
3722	1115	975	81	561.37	561.37	
3726	1116	976	89	561.37	561.37	
3729	1117	976	83	561.42	561.42	
3732	1118	975	80	561.43	561.43	
3736	1119	972	92	561.43	561.43	
3739	1120	978	84	561.41	561.41	
3742	1121	978	83	561.41	561.41	
3746	1122	973	74	569.34	569.34	
3749	1123	978	82	561.41	561.41	
3752	1124	976	80	561.43	561.43	
3756	1125	967	77	568.70	568.70	
3759	1126	976	83	561.42	561.42	
3762	1127	977	81	561.41	561.41	
3766	1128	973	78	568.99	568.99	
3769	1129	976	82	561.42	561.42	
3772	1130	976	82	561.41	561.41	
3776	1131	970	91	561.41	561.41	
3779	1132	980	86	561.36	561.36	
3782	1133	979	86	561.38	561.38	
3786	1134	973	79	568.92	568.92	
3789	1135	978	81	561.37	561.37	
3792	1136	979	86	561.38	561.38	
3796	1137	974	72	569.40	569.40	
3799	1138	981	81	561.38	561.38	
3802	1139	980	82	561.37	561.37	
3806	1140	975	69	569.74	569.74	
3809	1141	980	85	561.39	561.39	
3812	1142	978	84	561.38	561.38	
3816	1143	977	93	561.39	561.39	
3819	1144	979	82	561.39	561.39	
3822	1145	977	82	561.39	561.39	
3826	1146	971	70	569.74	569.74	
3829	1147	978	85	561.38	561.38	
3832	1148	979	79	561.39	561.39	
3836	1149	977	72	569.33	569.33	
3839	1150	977	79	561.37	561.37	
3842	1151	977	87	561.32	561.32	
3846	1152	974	86	561.32	561.32	
3849	1153	977	79	561.38	561.38	
3852	1154	975	79	561.39	561.39	
3856	1155	974	71	569.38	569.38	
3859	1156	976	81	561.39	561.39	
3862	1157	980	79	561.37	561.37	
3866	1158	971	72	569.93	569.93	
3869	1159	976	81	561.36	561.36	
3872	1160	977	83	561.37	561.37	
3876	1161	976	90	561.37	561.37	
3879	1162	976	80	561.34	561.34	
3882	1163	975	78	561.34	561.34	
3886	1164	978	81	561.33	561.33	
3889	1165	976	91	561.34	561.34	
3892	1166	978	79	561.33	561.33	
3896	1167	977	84	561.33	561.33	
3899	1168	975	82	561.33	561.33	
3902	1169	969	73	569.25	569.25	
3906	1170	976	80	561.32	561.32	
3909	1171	975	80	561.32	561.32	
3912	1172	973	76	569.12	569.12	
3916	1173	975	79	561.31	561.31	
3919	1174	979	81	561.31	561.31	
3922	1175	968	74	568.76	568.76	
3926	1176	980	80	561.25	561.25	
3929	1177	976	79	561.25	561.25	
3932	1178	972	74	569.15	569.15	
3936	1179	975	72	568.72	568.72	
3939	1180	975	84	561.24	561.24	
3942	1181	974	80	561.24	561.24	
3946	1182	969	72	568.94	568.94	
3949	1183	975	82	561.24	561.24	
3952	1184	974	79	561.23	561.23	
3956	1185	974	89	561.23	561.23	
3959	1186	977	80	561.22	561.22	
3962	1187	976	77	561.23	561.23	
3966	1188	978	79	561.23	561.23	
3969	1189	975	90	561.23	561.23	
3972	1190	978	79	561.22	561.22	
3976	1191	978	80	561.22	561.22	
3979	1192	975	91	561.22	561.22	
3982	1193	977	81	561.14	561.14	
3986	1194	977	83	561.21	561.21	
3989	1195	976	81	561.13	561.13	
3992	1196	977	81	561.14	561.14	
3996	1197	975	82	561.13	561.13	
3999	1198	970	73	568.87	568.87	
4002	1199	977	81	561.14	561.14	
4006	1200	977	82	561.13	561.13	
4009	1201	980	81	561.12	561.12	
4012	1202	977	78	561.13	561.13	
4016	1203	977	81	561.12	561.12	
4019	1204	975	80	561.13	561.13	
4022	1205	977	80	561.17	561.17	
4026	1206	977	78	561.16	561.16	
4029	1207	980	77	561.16	561.16	
4032	1208	979	80	561.16	561.16	
4036	1209	977	80	561.08	561.08	
4039	1210	979	79	561.07	561.07	
4042	1211	975	81	561.06	561.06	
4046	1212	975	80	561.00	561.00	
4049	1213	978	76	561.05	561.05	
4052	1214	977	81	561.01	561.01	
4056	1215	977	81	560.99	560.99	
4059	1216	976	82	561.08	561.08	
4062	1217	977	80	561.13	561.13	
4066	1218	977	83	561.14	561.14	
4069	1219	977	80	561.13	561.13	
4072	1220	974	83	561.14	561.14	
4076	1221	976	80	561.07	561.07	
4079	1222	977	81	561.09	561.09	
4082	1223	978	79	561.08	561.08	
4086	1224	977	81	561.07	561.07	
4089	1225	977	79	561.09	561.09	
4092	1226	973	89	561.09	561.09	
4096	1227	976	79	561.09	561.09	
4099	1228	977	81	561.08	561.08	
4102	1229	980	80	561.10	561.10	
4106	1230	977	82	561.10	561.10	
4109	1231	978	79	561.10	561.10	
4112	1232	977	80	561.09	561.09	
4116	1233	973	73	569.75	569.75	
4119	1234	975	81	561.15	561.15	
4122	1235	974	79	561.15	561.15	
4126	1236	975	76	561.17	561.17	
4129	1237	974	80	561.14	561.14	
4132	1238	975	79	561.16	561.16	
4136	1239	974	81	561.16	561.16	
4139	1240	978	80	561.15	561.15	
4142	1241	973	75	566.78	566.78	
4146	1242	982	79	561.18	561.18	
4149	1243	976	82	561.19	561.19	
4152	1244	970	85	561.20	561.20	
4156	1245	947	85	561.23	561.23	
4159	1246	907	80	565.62	565.62	
4162	1247	870	90	561.24	561.24	
4166	1248	825	91	561.20	561.20	
4169	1249	785	92	561.20	561.20	
4172	1250	742	80	565.17	565.17	
4176	1251	701	96	561.48	561.48	
4179	1252	657	93	568.08	568.08	
4182	1253	625	99	561.60	561.60	
4186	1254	591	98	561.55	561.55	
4189	1255	569	96		0.00	
4192	1256	538	102	561.61	561.61	
4196	1257	536	107	561.61	561.61	
4199	1258	541	101	561.70	561.70	
4202	1259	551	94	561.69	561.69	
4206	1260	551	98	561.68	561.68	
4209	1261	554	101	561.63	561.63	
4212	1262	548	100	561.63	561.63	
4216	1263	547	100	561.60	561.60	
4219	1264	548	101	561.65	561.65	
4222	1265	546	101	561.64	561.64	
4226	1266	545	101	561.65	561.65	
4229	1267	547	100	561.66	561.66	
4232	1268	551	99	561.65	561.65	
4236	1269	549	99	561.65	561.65	
4239	1270	548	102	561.66	561.66	
4242	1271	548	101	561.59	561.59	
4246	1272	548	99	561.60	561.60	
4249	1273	549	102	561.61	561.61	
4252	1274	549	104	561.62	561.62	
4256	1275	549	103	561.62	561.62	
4259	1276	550	100	561.62	561.62	
4262	1277	550	106	561.62	561.62	
4266	1278	551	102	561.64	561.64	
4269	1279	549	102	561.62	561.62	
4272	1280	548	100	561.63	561.63	
4276	1281	549	105	561.70	561.70	
4279	1282	548	102	561.66	561.66	
4282	1283	549	103	561.68	561.68	
4286	1284	549	105	561.68	561.68	
4289	1285	551	106	561.67	561.67	
4292	1286	550	107	561.67	561.67	
4296	1287	550	105	561.67	561.67	
4299	1288	553	100	563.59	563.59	
4302	1289	549	101	561.68	561.68	
4306	1290	549	104	561.67	561.67	
4309	1291	546	101	561.68	561.68	
4312	1292	551	105	563.35	563.35	
4316	1293	548	103	561.66	561.66	
4319	1294	546	106	561.66	561.66	
4322	1295	552	107	561.66	561.66	
4326	1296	551	103	561.66	561.66	
4329	1297	545	102	561.67	561.67	
4332	1298	546	103	561.67	561.67	
4336	1299	551	105	563.24	563.24	
4339	1300	546	106	561.66	561.66	
4342	1301	544	104	561.64	561.64	
4346	1302	552	110	561.65	561.65	
4349	1303	546	102	561.69	561.69	
4352	1304	546	105	561.67	561.67	
4356	1305	553	101	561.68	561.68	
4359	1306	543	104	561.68	561.68	
4362	1307	547	104	561.69	561.69	
4365	1308	552	101	561.70	561.70	
4369	1309	545	106	561.67	561.67	
4372	1310	545	105	561.69	561.69	
4376	1311	552	101	561.69	561.69	
4379	1312	544	107	561.60	561.60	
4382	1313	545	107	561.60	561.60	
4386	1314	548	102	562.94	562.94	
4389	1315	549	99	562.85	562.85	
4392	1316	544	108	561.56	561.56	
4396	1317	546	109	561.56	561.56	
4399	1318	549	100	563.20	563.20	
4402	1319	547	112	561.55	561.55	
4406	1320	548	105	561.55	561.55	
4409	1321	547	101	563.68	563.68	
4412	1322	553	108	561.56	561.56	
4416	1323	549	112	561.51	561.51	
4419	1324	551	104	561.51	561.51	
4422	1325	547	109	561.51	561.51	
4425	1326	552	103	561.51	561.51	
4429	1327	542	107	561.50	561.50	
4432	1328	547	107	561.49	561.49	
4435	1329	556	115	561.49	561.49	
4439	1330	559	115	561.49	561.49	
4442	1331	567	120	561.55	561.55	
4446	1332	568	119	561.55	561.55	
4449	1333	580	112	561.55	561.55	
4452	1334	571	114	561.50	561.50	
4456	1335	566	115	561.47	561.47	
4459	1336	577	116	561.47	561.47	
4462	1337	575	113	564.94	564.94	
4465	1338	568	124	561.50	561.50	
4469	1339	568	119	561.51	561.51	
4472	1340	574	117	561.51	561.51	
4476	1341	568	122	561.50	561.50	
4479	1342	566	124	561.54	561.54	
4482	1343	570	120	561.54	561.54	
4486	1344	568	119	561.49	561.49	
4489	1345	563	114	561.51	561.51	
4492	1346	567	115	561.52	561.52	
4496	1347	563	115	561.49	561.49	
4499	1348	566	115	561.47	561.47	
4502	1349	565	116	561.43	561.43	
4505	1350	563	117	561.43	561.43	
4509	1351	569	119	561.44	561.44	
4512	1352	566	121	561.43	561.43	
4516	1353	571	120	561.43	561.43	
4519	1354	565	120	561.42	561.42	
4522	1355	566	121	561.42	561.42	
4525	1356	573	121		0.00	
4529	1357	560	118	564.47	564.47	
4532	1358	567	120	561.58	561.58	
4535	1359	570	113	564.73	564.73	
4539	1360	559	119	565.07	565.07	
4542	1361	567	117	561.51	561.51	
4546	1362	567	114	561.52	561.52	
4549	1363	557	111	568.30	568.30	
4552	1364	566	118	561.47	561.47	
4556	1365	566	115	561.48	561.48	
4559	1366	565	116	561.48	561.48	
4562	1367	563	116	561.46	561.46	
4565	1368	562	113	561.46	561.46	
4569	1369	565	114	561.46	561.46	
4572	1370	567	116	561.43	561.43	
4576	1371	565	117	561.44	561.44	
4579	1372	564	117	561.43	561.43	
4582	1373	566	115	561.43	561.43	
4586	1374	567	122	561.44	561.44	
4589	1375	563	120	561.45	561.45	
4592	1376	571	116	561.45	561.45	
4595	1377	577	119	561.45	561.45	
4599	1378	566	116	561.50	561.50	
4602	1379	560	113	564.89	564.89	
4605	1380	575	118		0.00	
4609	1381	567	120	561.48	561.48	
4612	1382	572	116	561.52	561.52	
4616	1383	559	117	564.00	564.00	
4619	1384	558	115	564.69	564.69	
4622	1385	568	111	561.42	561.42	
4625	1386	569	106	561.41	561.41	
4629	1387	566	112	561.40	561.40	
4632	1388	564	111	561.33	561.33	
4635	1389	565	115	561.35	561.35	
4639	1390	567	113	561.39	561.39	
4642	1391	563	115	561.47	561.47	
4646	1392	564	115	561.45	561.45	
4649	1393	562	112	561.45	561.45	
4652	1394	566	113	561.44	561.44	
4656	1395	565	112	561.46	561.46	
4659	1396	562	115	561.45	561.45	
4662	1397	565	114	561.55	561.55	
4665	1398	573	115	561.56	561.56	
4669	1399	561	111	564.76	564.76	
4672	1400	567	116	561.55	561.55	
4675	1401	574	120	561.56	561.56	
4679	1402	567	116	561.57	561.57	
4682	1403	570	117	561.59	561.59	
4686	1404	576	111	564.56	564.56	
4689	1405	557	114	564.62	564.62	
4692	1406	566	117	561.45	561.45	
4695	1407	573	117	564.33	564.33	
4699	1408	567	122	561.39	561.39	
4702	1409	570	118	561.40	561.40	
4705	1410	576	109	563.12	563.12	
4709	1411	575	117	561.44	561.44	
4712	1412	576	119	561.42	561.42	
4716	1413	575	117	561.42	561.42	
4719	1414	574	118	561.43	561.43	
4722	1415	573	119	561.44	561.44	
4725	1416	575	117	561.44	561.44	
4729	1417	581	115	561.45	561.45	
4732	1418	575	116	561.47	561.47	
4735	1419	575	118	561.46	561.46	
4739	1420	577	120	561.46	561.46	
4742	1421	575	116	561.46	561.46	
4745	1422	575	120	561.45	561.45	
4749	1423	574	114	561.48	561.48	
4752	1424	576	114	561.46	561.46	
4756	1425	575	113	561.46	561.46	
4759	1426	575	117	561.47	561.47	
4762	1427	586	116	561.47	561.47	
4765	1428	575	116	561.47	561.47	
4769	1429	567	110	565.45	565.45	
4772	1430	578	107	564.15	564.15	
4775	1431	576	113	561.47	561.47	
4779	1432	572	109	565.25	565.25	
4782	1433	578	106	564.00	564.00	
4786	1434	577	116	561.47	561.47	
4789	1435	577	113	561.48	561.48	
4792	1436	580	110		0.00	
4795	1437	574	116	561.52	561.52	
4799	1438	577	113	561.51	561.51	
4802	1439	584	110		0.00	
4805	1440	579	116	561.47	561.47	
4809	1441	578	112	561.47	561.47	
4812	1442	581	113	561.48	561.48	
4815	1443	574	100	568.41	568.41	
4819	1444	569	109	567.55	567.55	
4822	1445	581	100	569.06	569.06	
4825	1446	578	118	561.54	561.54	
4829	1447	567	107	567.93	567.93	
4832	1448	576	115	561.56	561.56	
4835	1449	575	112	561.56	561.56	
4839	1450	578	115	561.56	561.56	
4842	1451	575	116	561.50	561.50	
4845	1452	576	118	561.51	561.51	
4849	1453	567	114	565.12	565.12	
4852	1454	576	116	561.51	561.51	
4856	1455	575	117	561.51	561.51	
4859	1456	566	114	564.83	564.83	
4862	1457	579	115	561.62	561.62	
4865	1458	575	114	561.68	561.68	
4869	1459	568	112	567.40	567.40	
4872	1460	574	116	561.63	561.63	
4875	1461	575	114	561.64	561.64	
4879	1462	563	111	567.38	567.38	
4882	1463	575	117	561.60	561.60	
4885	1464	574	115	561.59	561.59	
4889	1465	569	103	569.38	569.38	
4892	1466	573	115	561.60	561.60	
4895	1467	573	116	561.61	561.61	
4899	1468	573	116	561.60	561.60	
4902	1469	565	105	569.32	569.32	
4905	1470	571	111	561.65	561.65	
4909	1471	571	116	561.65	561.65	
4912	1472	569	119	561.64	561.64	
4915	1473	574	116	561.65	561.65	
4919	1474	570	113	561.67	561.67	
4922	1475	569	113	561.63	561.63	
4925	1476	574	111	561.62	561.62	
4929	1477	575	110	561.62	561.62	
4932	1478	572	114	561.64	561.64	
4935	1479	572	115	561.64	561.64	
4939	1480	572	116	561.64	561.64	
4942	1481	575	112	561.63	561.63	
4945	1482	576	114	561.65	561.65	
4949	1483	575	115	561.60	561.60	
4952	1484	574	118	561.65	561.65	
4956	1485	575	121	561.61	561.61	
4959	1486	574	115	561.63	561.63	
4962	1487	576	114	561.61	561.61	
4965	1488	575	113	561.63	561.63	
4969	1489	576	117	561.63	561.63	
4972	1490	577	118	561.65	561.65	
4975	1491	574	118	561.65	561.65	
4979	1492	578	111	564.17	564.17	
4982	1493	575	115	561.66	561.66	
4985	1494	573	120	561.70	561.70	
4989	1495	575	112	563.34	563.34	
4992	1496	575	119	561.72	561.72	
4995	1497	574	110	561.70	561.70	
4999	1498	578	109	563.87	563.87	
5002	1499	585	115	561.78	561.78	
5005	1500	589	113	565.47	565.47	
5009	1501	611	102	566.75	566.75	
5012	1502	616	112	561.81	561.81	
5015	1503	616	119	561.75	561.75	
5019	1504	624	109		0.00	
5022	1505	623	117	561.82	561.82	
5025	1506	627	119	561.86	561.86	
5029	1507	631	115		0.00	
5032	1508	613	113	568.32	568.32	
5035	1509	626	116	561.81	561.81	
5039	1510	630	109	561.81	561.81	
5042	1511	623	123	561.81	561.81	
5045	1512	617	110	567.77	567.77	
5049	1513	629	107	566.38	566.38	
5052	1514	626	117	561.80	561.80	
5055	1515	624	119	561.80	561.80	
5059	1516	630	113	563.78	563.78	
5062	1517	625	115	563.70	563.70	
5065	1518	616	112	567.75	567.75	
5069	1519	628	114	561.74	561.74	
5072	1520	628	110	561.75	561.75	
5075	1521	619	111	567.64	567.64	
5079	1522	617	111	567.90	567.90	
5082	1523	629	110	564.82	564.82	
5085	1524	623	118	561.78	561.78	
5089	1525	621	111	567.91	567.91	
5092	1526	628	109	563.90	563.90	
5095	1527	625	118	561.76	561.76	
5099	1528	619	109	567.58	567.58	
5102	1529	626	107	566.29	566.29	
5105	1530	627	109	566.69	566.69	
5109	1531	618	119	565.42	565.42	
5112	1532	627	120	561.80	561.80	
5115	1533	624	125	561.78	561.78	
5119	1534	617	118	565.51	565.51	
5122	1535	628	120	561.76	561.76	
5125	1536	625	124	561.68	561.68	
5129	1537	627	121	561.69	561.69	
5132	1538	629	118	561.68	561.68	
5135	1539	626	120	561.73	561.73	
5139	1540	619	109	568.19	568.19	
5142	1541	627	119	561.65	561.65	
5145	1542	626	119	561.65	561.65	
5149	1543	619	119	565.74	565.74	
5152	1544	631	106	565.53	565.53	
5155	1545	627	117	561.69	561.69	
5159	1546	621	124	561.68	561.68	
5162	1547	630	113	564.71	564.71	
5165	1548	625	119	561.64	561.64	
5169	1549	624	123	561.64	561.64	
5172	1550	624	119	561.61	561.61	
5175	1551	626	117	561.58	561.58	
5179	1552	621	114	565.41	565.41	
5182	1553	621	115	565.94	565.94	
5185	1554	629	116	561.65	561.65	
5189	1555	628	116	561.59	561.59	
5192	1556	623	109	567.79	567.79	
5195	1557	630	119	561.58	561.58	
5199	1558	622	119	561.55	561.55	
5202	1559	627	114	561.56	561.56	
5205	1560	634	108		0.00	
5209	1561	627	117	561.60	561.60	
5212	1562	624	118	561.59	561.59	
5215	1563	638	110		0.00	
5219	1564	629	114	561.54	561.54	
5222	1565	626	115	561.54	561.54	
5225	1566	646	109		0.00	
5229	1567	646	116	561.52	561.52	
5232	1568	660	119	561.51	561.51	
5235	1569	666	121	561.43	561.43	
5239	1570	667	122	561.42	561.42	
5242	1571	663	119	561.42	561.42	
5245	1572	670	114	561.48	561.48	
5249	1573	666	117	561.48	561.48	
5252	1574	668	115	561.46	561.46	
5255	1575	667	118	561.45	561.45	
5259	1576	665	116	561.45	561.45	
5262	1577	667	118	561.45	561.45	
5265	1578	668	115	561.45	561.45	
5269	1579	668	116	561.44	561.44	
5272	1580	668	114	561.44	561.44	
5275	1581	665	116	561.43	561.43	
5279	1582	665	113	561.42	561.42	
5282	1583	667	115	561.42	561.42	
5285	1584	665	115	561.41	561.41	
5289	1585	666	118	561.34	561.34	
5292	1586	668	116	561.36	561.36	
5295	1587	667	111	561.34	561.34	
5299	1588	664	119	561.33	561.33	
5302	1589	658	112	565.46	565.46	
5305	1590	665	112	561.25	561.25	
5309	1591	666	112	561.25	561.25	
5312	1592	659	109	567.94	567.94	
5315	1593	664	114	561.23	561.23	
5319	1594	670	113	561.21	561.21	
5322	1595	665	115	561.20	561.20	
5325	1596	661	111	566.88	566.88	
5329	1597	664	119	561.22	561.22	
5332	1598	667	115	561.14	561.14	
5335	1599	662	116	564.51	564.51	
5339	1600	666	114	561.14	561.14	
5342	1601	665	115	561.14	561.14	
5345	1602	660	116	564.64	564.64	
5349	1603	667	111	561.13	561.13	
5352	1604	667	117	561.10	561.10	
5355	1605	664	118	564.94	564.94	
5359	1606	666	118	561.11	561.11	
5362	1607	666	121	561.04	561.04	
5365	1608	660	115	564.73	564.73	
5369	1609	666	118	561.03	561.03	
5372	1610	668	118	561.02	561.02	
5375	1611	663	112	564.43	564.43	
5379	1612	662	117	561.06	561.06	
5382	1613	669	114	561.06	561.06	
5385	1614	666	117	561.05	561.05	
5389	1615	666	119	561.04	561.04	
5392	1616	665	113	561.03	561.03	
5395	1617	667	112	561.03	561.03	
5399	1618	664	116	561.01	561.01	
5402	1619	667	113	561.01	561.01	
5405	1620	668	113	560.99	560.99	
5409	1621	669	119	560.99	560.99	
5412	1622	667	113	560.99	560.99	
5415	1623	671	114	560.97	560.97	
5419	1624	667	113	560.97	560.97	
5422	1625	667	112	560.96	560.96	
5425	1626	668	115	560.97	560.97	
5429	1627	668	112	560.95	560.95	
5432	1628	665	116	561.01	561.01	
5435	1629	668	116	561.01	561.01	
5439	1630	667	118	561.01	561.01	
5442	1631	669	111	561.01	561.01	
5445	1632	670	118	561.00	561.00	
5449	1633	665	112	560.94	560.94	
5452	1634	668	117	560.95	560.95	
5455	1635	668	110	560.95	560.95	
5459	1636	667	112	560.94	560.94	
5462	1637	667	112	560.95	560.95	
5465	1638	668	113	560.95	560.95	
5469	1639	669	109	560.95	560.95	
5472	1640	669	113	560.97	560.97	
5475	1641	664	121	560.97	560.97	
5479	1642	670	103	566.18	566.18	
5482	1643	666	116	560.87	560.87	
5485	1644	664	109	564.74	564.74	
5489	1645	670	104	565.78	565.78	
5492	1646	669	114	560.96	560.96	
5495	1647	663	113	564.00	564.00	
5499	1648	673	102	565.68	565.68	
5502	1649	667	114	560.95	560.95	
5505	1650	663	110	564.41	564.41	
5509	1651	670	115	560.96	560.96	
5512	1652	668	117	560.96	560.96	
5515	1653	667	117	560.95	560.95	
5519	1654	669	114	560.96	560.96	
5522	1655	669	115	560.96	560.96	
5525	1656	659	109	564.73	564.73	
5529	1657	670	117	560.88	560.88	
5532	1658	668	113	560.94	560.94	
5535	1659	663	108	566.60	566.60	
5539	1660	669	113	560.95	560.95	
5542	1661	669	112	560.94	560.94	
5545	1662	658	104	566.49	566.49	
5549	1663	669	114	560.95	560.95	
5552	1664	669	113	560.95	560.95	
5555	1665	661	108	566.54	566.54	
5559	1666	668	113	560.98	560.98	
5562	1667	671	111	560.90	560.90	
5565	1668	671	113	560.92	560.92	
5569	1669	683	120	560.92	560.92	
5572	1670	706	100	567.36	567.36	
5575	1671	709	122	560.88	560.88	
5579	1672	717	116	560.93	560.93	
5582	1673	720	116	560.85	560.85	
5585	1674	724	117	560.85	560.85	
5589	1675	722	119	560.81	560.81	
5592	1676	714	106	567.00	567.00	
5595	1677	720	117	560.79	560.79	
5599	1678	722	117	560.82	560.82	
5602	1679	712	109	569.28	569.28	
5605	1680	720	113	560.86	560.86	
5609	1681	719	113	560.85	560.85	
5612	1682	713	114	567.30	567.30	
5615	1683	723	114	560.89	560.89	
5619	1684	722	118	560.87	560.87	
5622	1685	713	116	567.08	567.08	
5625	1686	721	116	560.90	560.90	
5629	1687	722	118	560.92	560.92	
5632	1688	723	117	560.89	560.89	
5635	1689	715	113	564.94	564.94	
5639	1690	724	114	560.97	560.97	
5642	1691	722	114	560.96	560.96	
5645	1692	718	117	560.97	560.97	
5649	1693	720	126	560.96	560.96	
5652	1694	723	122	560.98	560.98	
5655	1695	719	117	560.98	560.98	
5659	1696	721	113	560.99	560.99	
5662	1697	719	120	561.00	561.00	
5665	1698	724	113	561.00	561.00	
5669	1699	721	114	561.01	561.01	
5672	1700	714	114	565.10	565.10	
5675	1701	721	118	561.01	561.01	
5679	1702	727	115	561.02	561.02	
5682	1703	723	114	561.01	561.01	
5685	1704	720	118	561.03	561.03	
5689	1705	730	109	561.03	561.03	
5692	1706	723	116	561.04	561.04	
5695	1707	720	117	561.03	561.03	
5699	1708	723	105	566.29	566.29	
5702	1709	720	117	561.05	561.05	
5705	1710	722	120	561.05	561.05	
5709	1711	721	119	561.08	561.08	
5712	1712	722	119	561.03	561.03	
5715	1713	717	121	561.04	561.04	
5719	1714	721	122	561.04	561.04	
5722	1715	722	115	561.06	561.06	
5725	1716	721	118	561.07	561.07	
5729	1717	720	118	561.08	561.08	
5732	1718	722	119	561.08	561.08	
5735	1719	721	118	561.06	561.06	
5739	1720	714	106	567.69	567.69	
5742	1721	723	116	561.05	561.05	
5745	1722	724	120	561.06	561.06	
5749	1723	717	110	567.32	567.32	
5752	1724	714	117	565.24	565.24	
5755	1725	721	117	561.10	561.10	
5759	1726	721	119	561.09	561.09	
5762	1727	715	116	565.48	565.48	
5765	1728	717	115	565.76	565.76	
5769	1729	721	120	561.02	561.02	
5772	1730	723	121	560.97	560.97	
5775	1731	714	117	565.50	565.50	
5779	1732	725	120	560.97	560.97	
5782	1733	726	125	560.96	560.96	
5785	1734	718	115	564.97	564.97	
5789	1735	722	121	561.01	561.01	
5792	1736	724	119	561.01	561.01	
5795	1737	718	111	568.54	568.54	
5799	1738	724	116	561.00	561.00	
5802	1739	724	121	561.01	561.01	
5805	1740	714	116	568.48	568.48	
5809	1741	722	119	560.99	560.99	
5812	1742	722	121	561.00	561.00	
5815	1743	725	121	561.00	561.00	
5819	1744	717	106	568.63	568.63	
5822	1745	722	115	560.99	560.99	
5825	1746	723	129	560.99	560.99	
5829	1747	723	121	560.99	560.99	
5832	1748	722	120	560.98	560.98	
5835	1749	720	123	560.98	560.98	
5839	1750	723	120	560.96	560.96	
5842	1751	724	116	560.97	560.97	
5845	1752	721	121	560.96	560.96	
5849	1753	716	109	568.63	568.63	
5852	1754	726	116	560.96	560.96	
5855	1755	724	120	560.96	560.96	
5859	1756	714	111	568.27	568.27	
5862	1757	723	126	560.95	560.95	
5865	1758	724	122	560.95	560.95	
5869	1759	718	124	560.95	560.95	
5872	1760	723	123	560.89	560.89	
5875	1761	721	121	560.88	560.88	
5879	1762	719	114	565.29	565.29	
5882	1763	722	124	560.88	560.88	
5885	1764	719	123	560.87	560.87	
5889	1765	720	125	560.87	560.87	
5892	1766	720	113	565.28	565.28	
5895	1767	723	120	561.02	561.02	
5899	1768	725	119	560.94	560.94	
5902	1769	716	114	567.70	567.70	
5905	1770	723	118	561.01	561.01	
5909	1771	726	118	560.93	560.93	
5912	1772	726	118	560.93	560.93	
5915	1773	723	122	560.92	560.92	
5919	1774	723	122	560.89	560.89	
5922	1775	729	118	560.89	560.89	
5925	1776	733	116	560.89	560.89	
5929	1777	722	121	560.90	560.90	
5932	1778	723	117	560.89	560.89	
5935	1779	722	116	560.89	560.89	
5939	1780	719	119	560.88	560.88	
5942	1781	713	110	567.35	567.35	
5945	1782	721	123	560.80	560.80	
5949	1783	725	119	560.82	560.82	
5952	1784	710	112	569.20	569.20	
5955	1785	722	120	560.78	560.78	
5959	1786	723	117	560.79	560.79	
5962	1787	717	107	567.56	567.56	
5965	1788	714	109	567.41	567.41	
5969	1789	723	115	560.79	560.79	
5972	1790	722	119	560.78	560.78	
5975	1791	722	117	560.73	560.73	
5979	1792	717	106	565.79	565.79	
5982	1793	725	116	560.76	560.76	
5985	1794	726	121	560.75	560.75	
5989	1795	714	116	565.89	565.89	
5992	1796	727	121	560.75	560.75	
5995	1797	727	117	560.74	560.74	
5999	1798	718	125	560.73	560.73	
6002	1799	716	109	565.53	565.53	
6005	1800	723	121	560.79	560.79	
6009	1801	726	119	560.78	560.78	
6012	1802	723	122	560.79	560.79	
6015	1803	726	117	560.79	560.79	
6019	1804	713	115	565.32	565.32	
6022	1805	721	126	560.79	560.79	
6025	1806	728	117	560.72	560.72	
6029	1807	725	121	560.70	560.70	
6032	1808	715	118	565.72	565.72	
6035	1809	718	117	565.69	565.69	
6039	1810	727	118	560.70	560.70	
6042	1811	727	122	560.70	560.70	
6045	1812	719	124	560.70	560.70	
6049	1813	718	114	565.33	565.33	
6052	1814	726	120	560.68	560.68	
6055	1815	728	120	560.67	560.67	
6059	1816	721	110	565.11	565.11	
6062	1817	720	117	565.53	565.53	
6065	1818	727	119	560.67	560.67	
6069	1819	728	117	560.66	560.66	
6072	1820	718	116	565.12	565.12	
6075	1821	719	115	565.30	565.30	
6079	1822	729	118	560.65	560.65	
6082	1823	728	121	560.63	560.63	
6085	1824	719	118	565.78	565.78	
6089	1825	725	111	567.92	567.92	
6092	1826	738	118	560.59	560.59	
6095	1827	741	114	560.51	560.51	
6099	1828	739	122	560.50	560.50	
6102	1829	743	119	560.52	560.52	
6105	1830	746	116	560.52	560.52	
6109	1831	744	117	560.53	560.53	
6112	1832	749	104	564.72	564.72	
6115	1833	743	114	560.52	560.52	
6119	1834	735	114	565.31	565.31	
6122	1835	744	121	560.52	560.52	
6125	1836	744	116	560.48	560.48	
6129	1837	740	125	560.48	560.48	
6132	1838	742	116	560.51	560.51	
6135	1839	747	116	560.50	560.50	
6139	1840	741	113	564.78	564.78	
6142	1841	745	120	560.43	560.43	
6145	1842	747	121	560.51	560.51	
6149	1843	735	115	564.95	564.95	
6152	1844	745	115	560.50	560.50	
6155	1845	744	115	560.53	560.53	
6159	1846	735	114	565.06	565.06	
6162	1847	747	118	560.51	560.51	
6165	1848	745	116	560.52	560.52	
6169	1849	739	116	565.03	565.03	
6172	1850	750	111		0.00	
6175	1851	745	117	560.45	560.45	
6179	1852	744	114	560.45	560.45	
6182	1853	753	107		0.00	
6185	1854	745	117	560.46	560.46	
6189	1855	743	117	560.43	560.43	
6192	1856	741	122	560.43	560.43	
6195	1857	741	121	560.44	560.44	
6199	1858	742	123	560.44	560.44	
6202	1859	736	119	564.88	564.88	
6205	1860	737	121	565.06	565.06	
6209	1861	744	116	560.43	560.43	
6212	1862	746	113	560.50	560.50	
6215	1863	738	110	567.12	567.12	
6219	1864	743	116	560.49	560.49	
6222	1865	744	115	560.50	560.50	
6225	1866	740	112	567.23	567.23	
6229	1867	745	118	560.51	560.51	
6232	1868	743	117	560.52	560.52	
6235	1869	747	115	560.52	560.52	
6239	1870	742	119	560.52	560.52	
6242	1871	746	116	560.53	560.53	
6245	1872	745	117	560.53	560.53	
6249	1873	745	117	560.54	560.54	
6252	1874	744	114	566.94	566.94	
6255	1875	746	119	560.57	560.57	
6259	1876	747	118	560.59	560.59	
6262	1877	740	115	564.97	564.97	
6265	1878	742	115	564.84	564.84	
6269	1879	747	118	560.58	560.58	
6272	1880	749	120	560.59	560.59	
6275	1881	743	112	567.89	567.89	
6279	1882	755	126	564.82	564.82	
6282	1883	771	118	560.48	560.48	
6285	1884	782	122	560.51	560.51	
6289	1885	782	126	560.51	560.51	
6292	1886	789	130	560.51	560.51	
6295	1887	791	124	560.58	560.58	
6299	1888	793	124	560.58	560.58	
6302	1889	787	113	568.32	568.32	
6305	1890	793	122	560.67	560.67	
6309	1891	792	123	560.68	560.68	
6312	1892	795	121	560.69	560.69	
6315	1893	792	121	560.63	560.63	
6319	1894	795	123	560.70	560.70	
6322	1895	785	110	568.91	568.91	
6325	1896	791	123	560.65	560.65	
6329	1897	795	121	560.66	560.66	
6332	1898	791	122	560.60	560.60	
6335	1899	794	123	560.60	560.60	
6339	1900	794	125	560.62	560.62	
6342	1901	794	125	560.69	560.69	
6345	1902	792	122	560.69	560.69	
6349	1903	794	121	560.71	560.71	
6352	1904	788	122	566.79	566.79	
6355	1905	795	120	560.73	560.73	
6359	1906	793	124	560.73	560.73	
6362	1907	794	121	560.81	560.81	
6365	1908	788	112	568.13	568.13	
6369	1909	795	123	560.74	560.74	
6372	1910	795	119	560.73	560.73	
6375	1911	790	112	568.07	568.07	
6379	1912	797	123	560.68	560.68	
6382	1913	792	125	560.71	560.71	
6385	1914	792	109	567.95	567.95	
6389	1915	793	122	560.71	560.71	
6392	1916	791	120	560.74	560.74	
6395	1917	789	116	565.85	565.85	
6399	1918	795	120	560.76	560.76	
6402	1919	793	122	560.78	560.78	
6405	1920	789	117	566.11	566.11	
6409	1921	793	120	560.79	560.79	
6412	1922	795	121	560.78	560.78	
6415	1923	790	114	566.10	566.10	
6419	1924	796	123	560.81	560.81	
6422	1925	798	118	560.79	560.79	
6425	1926	797	125	560.79	560.79	
6429	1927	795	121	560.79	560.79	
6432	1928	794	122	560.81	560.81	
6435	1929	792	117	566.19	566.19	
6439	1930	791	113	566.35	566.35	
6442	1931	795	121	560.80	560.80	
6445	1932	797	120	560.80	560.80	
6449	1933	789	123	565.59	565.59	
6452	1934	795	124	560.81	560.81	
6455	1935	795	121	560.86	560.86	
6459	1936	791	112	568.12	568.12	
6462	1937	799	122	560.86	560.86	
6465	1938	797	120	560.85	560.85	
6469	1939	797	127	560.85	560.85	
6472	1940	797	119	560.86	560.86	
6475	1941	798	120	560.87	560.87	
6479	1942	796	119	560.88	560.88	
6482	1943	799	122	560.91	560.91	
6485	1944	796	125	560.91	560.91	
6489	1945	799	120	560.84	560.84	
6492	1946	798	120	560.87	560.87	
6495	1947	801	118	560.86	560.86	
6499	1948	806	117		0.00	
6502	1949	798	123	560.79	560.79	
6505	1950	793	122	560.75	560.75	
6509	1951	792	120	565.30	565.30	
6512	1952	797	123	560.75	560.75	
6515	1953	797	122	560.72	560.72	
6519	1954	795	127	560.72	560.72	
6522	1955	801	123	560.74	560.74	
6525	1956	798	120	560.73	560.73	
6529	1957	796	117	565.66	565.66	
6532	1958	798	117	560.78	560.78	
6535	1959	798	119	560.84	560.84	
6539	1960	799	118	560.82	560.82	
6542	1961	798	119	560.81	560.81	
6545	1962	799	119	560.84	560.84	
6549	1963	799	120	560.82	560.82	
6552	1964	794	118	565.98	565.98	
6555	1965	798	117	560.77	560.77	
6559	1966	799	120	560.76	560.76	
6562	1967	801	123	560.77	560.77	
6565	1968	799	120	560.75	560.75	
6569	1969	798	118	560.73	560.73	
6572	1970	797	120	560.73	560.73	
6575	1971	802	120	560.73	560.73	
6579	1972	803	122	560.72	560.72	
6582	1973	799	123	560.70	560.70	
6585	1974	801	120	560.70	560.70	
6588	1975	801	120	560.71	560.71	
6592	1976	801	117	560.68	560.68	
6595	1977	802	122	560.69	560.69	
6599	1978	800	118	560.72	560.72	
6602	1979	793	115	565.38	565.38	
6605	1980	799	120	560.64	560.64	
6609	1981	799	119	560.64	560.64	
6612	1982	792	116	567.50	567.50	
6615	1983	803	118	560.63	560.63	
6619	1984	799	122	560.62	560.62	
6622	1985	796	112	566.87	566.87	
6625	1986	804	118	560.53	560.53	
6629	1987	805	121	560.63	560.63	
6632	1988	807	112	568.37	568.37	
6635	1989	827	117	560.65	560.65	
6639	1990	842	116	560.65	560.65	
6642	1991	845	111	567.90	567.90	
6645	1992	849	118	560.55	560.55	
6649	1993	853	116	560.55	560.55	
6652	1994	851	119	560.55	560.55	
6655	1995	853	120	560.55	560.55	
6659	1996	856	122	560.53	560.53	
6662	1997	858	120	560.60	560.60	
6665	1998	853	119	560.58	560.58	
6669	1999	854	105	568.21	568.21	
6672	2000	856	121	560.67	560.67	
6675	2001	853	118	560.57	560.57	
6679	2002	851	117	560.51	560.51	
6682	2003	851	115	560.49	560.49	
6685	2004	854	119	560.47	560.47	
6689	2005	854	120	560.43	560.43	
6692	2006	853	120	560.41	560.41	
6695	2007	853	115	560.41	560.41	
6699	2008	852	120	560.40	560.40	
6702	2009	853	120	560.39	560.39	
6705	2010	853	115	560.43	560.43	
6709	2011	855	118	560.41	560.41	
6712	2012	851	116	560.40	560.40	
6715	2013	851	113	560.38	560.38	
6719	2014	852	120	560.36	560.36	
6722	2015	854	120	560.41	560.41	
6725	2016	855	119	560.46	560.46	
6728	2017	856	122	560.52	560.52	
6732	2018	858	114	560.49	560.49	
6735	2019	854	117	560.44	560.44	
6739	2020	861	122	560.44	560.44	
6742	2021	853	115	560.40	560.40	
6745	2022	855	115	560.40	560.40	
6749	2023	855	118	560.38	560.38	
6752	2024	850	118	560.36	560.36	
6755	2025	853	115	560.31	560.31	
6758	2026	855	116	560.31	560.31	
6762	2027	851	121	560.30	560.30	
6765	2028	856	118	560.29	560.29	
6769	2029	853	119	560.28	560.28	
6772	2030	854	115	560.29	560.29	
6775	2031	853	115	560.29	560.29	
6779	2032	852	118	560.28	560.28	
6782	2033	850	116	560.28	560.28	
6785	2034	853	118	560.28	560.28	
6789	2035	851	117	560.27	560.27	
6792	2036	855	120	560.27	560.27	
6795	2037	853	119	560.27	560.27	
6798	2038	852	117	560.25	560.25	
6802	2039	853	119	560.25	560.25	
6805	2040	856	119	560.29	560.29	
6809	2041	849	119	560.29	560.29	
6812	2042	851	118	560.29	560.29	
6815	2043	851	117	560.27	560.27	
6819	2044	853	117	560.28	560.28	
6822	2045	852	117	560.28	560.28	
6825	2046	851	119	560.21	560.21	
6828	2047	853	122	560.20	560.20	
6832	2048	849	119	560.21	560.21	
6835	2049	854	122	560.23	560.23	
6839	2050	853	122	560.23	560.23	
6842	2051	855	122	560.23	560.23	
6845	2052	852	120	560.12	560.12	
6849	2053	850	119	560.12	560.12	
6852	2054	853	125	560.11	560.11	
6855	2055	852	120	560.11	560.11	
6858	2056	854	118	560.15	560.15	
6862	2057	854	118	560.16	560.16	
6865	2058	851	117	560.14	560.14	
6869	2059	850	123	560.12	560.12	
6872	2060	853	121	560.11	560.11	
6875	2061	850	120	560.09	560.09	
6879	2062	850	119	560.15	560.15	
6882	2063	853	121	560.14	560.14	
6885	2064	853	120	560.15	560.15	
6888	2065	853	120	560.14	560.14	
6892	2066	852	118	560.16	560.16	
6895	2067	855	118	560.13	560.13	
6898	2068	853	118	560.13	560.13	
6902	2069	854	118	560.12	560.12	
6905	2070	852	119	560.17	560.17	
6909	2071	854	118	560.19	560.19	
6912	2072	851	121	560.18	560.18	
6915	2073	855	118	560.18	560.18	
6919	2074	851	120	560.17	560.17	
6922	2075	853	118	560.17	560.17	
6925	2076	851	119	560.19	560.19	
6928	2077	851	120	560.17	560.17	
6932	2078	852	120	560.17	560.17	
6935	2079	853	117	560.22	560.22	
6939	2080	853	117	560.23	560.23	
6942	2081	851	117	560.17	560.17	
6945	2082	851	121	560.18	560.18	
6948	2083	848	120	560.17	560.17	
6952	2084	848	119	560.09	560.09	
6955	2085	853	120	560.16	560.16	
6958	2086	849	117	560.09	560.09	
6962	2087	849	118	560.11	560.11	
6965	2088	847	120	560.10	560.10	
6968	2089	850	116	560.11	560.11	
6972	2090	849	119	560.11	560.11	
6975	2091	853	118	560.12	560.12	
6979	2092	850	120	560.13	560.13	
6982	2093	853	118	560.13	560.13	
6985	2094	849	120	560.13	560.13	
6988	2095	852	120	560.15	560.15	
6992	2096	850	119	560.16	560.16	
6995	2097	853	120	560.16	560.16	
6998	2098	858	117	560.21	560.21	
7002	2099	870	113	560.27	560.27	
7005	2100	884	118	560.33	560.33	
7009	2101	894	115	560.27	560.27	
7012	2102	895	120	560.37	560.37	
7015	2103	897	121	560.29	560.29	
7018	2104	895	114	560.26	560.26	
7022	2105	895	117	560.26	560.26	
7025	2106	895	115	560.28	560.28	
7028	2107	895	118	560.28	560.28	
7032	2108	897	110	560.26	560.26	
7035	2109	895	116	560.26	560.26	
7038	2110	895	117	560.27	560.27	
7042	2111	899	115	560.27	560.27	
7045	2112	897	115	560.26	560.26	
7049	2113	896	118	560.27	560.27	
7052	2114	898	117	560.28	560.28	
7055	2115	897	117	560.26	560.26	
7058	2116	896	114	560.25	560.25	
7062	2117	898	117	560.27	560.27	
7065	2118	897	115	560.29	560.29	
7068	2119	897	116	560.27	560.27	
7072	2120	899	123	560.27	560.27	
7075	2121	900	121	560.27	560.27	
7079	2122	898	116	560.28	560.28	
7082	2123	897	115	560.28	560.28	
7085	2124	896	115	560.28	560.28	
7088	2125	900	115	560.28	560.28	
7092	2126	901	112	560.28	560.28	
7095	2127	898	117	560.27	560.27	
7098	2128	898	114	560.29	560.29	
7102	2129	900	117	560.29	560.29	
7105	2130	898	114	560.26	560.26	
7108	2131	902	119	560.28	560.28	
7112	2132	902	118	560.26	560.26	
7115	2133	898	116	560.29	560.29	
7118	2134	901	112	560.28	560.28	
7122	2135	902	120	560.36	560.36	
7125	2136	898	121	560.37	560.37	
7128	2137	897	116	560.37	560.37	
7132	2138	901	118	560.37	560.37	
7135	2139	899	120	560.36	560.36	
7138	2140	899	116	560.36	560.36	
7142	2141	900	118	560.37	560.37	
7145	2142	901	117	560.37	560.37	
7149	2143	900	117	560.36	560.36	
7152	2144	902	119	560.37	560.37	
7155	2145	901	116	560.37	560.37	
7158	2146	903	117	560.38	560.38	
7162	2147	901	121	560.38	560.38	
7165	2148	901	114	560.39	560.39	
7168	2149	902	119	560.37	560.37	
7172	2150	903	117	560.40	560.40	
7175	2151	902	121	560.40	560.40	
7178	2152	901	117	560.39	560.39	
7182	2153	902	119	560.39	560.39	
7185	2154	899	116	560.45	560.45	
7188	2155	900	117	560.44	560.44	
7192	2156	899	116	560.45	560.45	
7195	2157	900	121	560.48	560.48	
7198	2158	901	117	560.47	560.47	
7202	2159	901	114	560.46	560.46	
7205	2160	901	115	560.54	560.54	
7208	2161	901	116	560.55	560.55	
7212	2162	900	119	560.55	560.55	
7215	2163	898	119	560.55	560.55	
7218	2164	898	116	560.49	560.49	
7222	2165	899	122	560.50	560.50	
7225	2166	901	117	560.46	560.46	
7228	2167	901	122	560.51	560.51	
7232	2168	900	120	560.47	560.47	
7235	2169	899	122	560.50	560.50	
7238	2170	902	118	560.47	560.47	
7242	2171	901	119	560.50	560.50	
7245	2172	894	123	560.44	560.44	
7248	2173	899	122	560.42	560.42	
7252	2174	896	122	560.42	560.42	
7255	2175	896	119	560.42	560.42	
7258	2176	899	121	560.42	560.42	
7262	2177	901	119	560.42	560.42	
7265	2178	900	119	560.42	560.42	
7268	2179	900	120	560.41	560.41	
7272	2180	896	123	560.43	560.43	
7275	2181	898	119	560.43	560.43	
7278	2182	902	122	560.45	560.45	
7282	2183	901	120	560.51	560.51	
7285	2184	901	123	560.55	560.55	
7288	2185	898	119	560.55	560.55	
7292	2186	900	118	560.56	560.56	
7295	2187	901	120	560.55	560.55	
7298	2188	899	118	560.55	560.55	
7302	2189	904	122	560.50	560.50	
7305	2190	904	122	560.50	560.50	
7308	2191	902	120	560.55	560.55	
7312	2192	900	126	560.56	560.56	
7315	2193	897	124	560.49	560.49	
7318	2194	900	121	560.54	560.54	
7322	2195	899	117	560.54	560.54	
7325	2196	899	122	560.53	560.53	
7328	2197	900	120	560.53	560.53	
7332	2198	900	121	560.54	560.54	
7335	2199	900	121	560.52	560.52	
7338	2200	900	119	560.52	560.52	
7342	2201	897	122	560.52	560.52	
7345	2202	899	119	560.52	560.52	
7348	2203	901	119	560.48	560.48	
7352	2204	899	124	560.42	560.42	
7355	2205	900	120	560.37	560.37	
7358	2206	899	122	560.37	560.37	
7362	2207	903	120	560.41	560.41	
7365	2208	911	119	560.52	560.52	
7368	2209	922	121	560.50	560.50	
7372	2210	933	122	560.47	560.47	
7375	2211	936	121	560.47	560.47	
7378	2212	934	121	560.48	560.48	
7382	2213	938	118	560.48	560.48	
7385	2214	936	119	560.45	560.45	
7388	2215	939	119	560.46	560.46	
7392	2216	943	117	560.47	560.47	
7395	2217	942	122	560.46	560.46	
7398	2218	940	118	560.45	560.45	
7402	2219	938	119	560.45	560.45	
7405	2220	937	121	560.45	560.45	
7408	2221	939	121	560.46	560.46	
7412	2222	938	120	560.35	560.35	
7415	2223	942	120	560.32	560.32	
7418	2224	938	118	560.32	560.32	
7422	2225	938	123	560.34	560.34	
7425	2226	938	121	560.34	560.34	
7428	2227	937	118	560.33	560.33	
7432	2228	940	123	560.33	560.33	
7435	2229	934	125	560.32	560.32	
7438	2230	937	122	560.33	560.33	
7442	2231	937	117	560.40	560.40	
7445	2232	935	123	560.39	560.39	
7448	2233	935	126	560.38	560.38	
7452	2234	938	122	560.33	560.33	
7455	2235	936	124	560.44	560.44	
7458	2236	941	122	560.49	560.49	
7462	2237	936	124	560.53	560.53	
7465	2238	934	124	560.53	560.53	
7468	2239	937	125	560.48	560.48	
7472	2240	934	122	560.53	560.53	
7475	2241	935	125	560.50	560.50	
7478	2242	934	122	560.50	560.50	
7482	2243	936	125	560.52	560.52	
7485	2244	939	124	560.44	560.44	
7488	2245	937	128	560.52	560.52	
7492	2246	936	125	560.46	560.46	
7495	2247	939	121	560.44	560.44	
7498	2248	937	120	560.45	560.45	
7502	2249	933	123	560.46	560.46	
7505	2250	937	124	560.45	560.45	
7508	2251	936	120	560.46	560.46	
7512	2252	937	121	560.45	560.45	
7515	2253	935	120	560.45	560.45	
7518	2254	932	123	560.45	560.45	
7522	2255	936	120	560.45	560.45	
7525	2256	941	120	560.45	560.45	
7528	2257	935	121	560.44	560.44	
7532	2258	936	120	560.44	560.44	
7535	2259	937	125	560.45	560.45	
7538	2260	934	120	560.45	560.45	
7542	2261	932	119	560.45	560.45	
7545	2262	934	119	560.46	560.46	
7548	2263	932	123	560.44	560.44	
7552	2264	933	124	560.46	560.46	
7555	2265	931	123	560.46	560.46	
7558	2266	934	128	560.38	560.38	
7562	2267	936	128	560.44	560.44	
7565	2268	935	127	560.48	560.48	
7568	2269	934	126	560.50	560.50	
7572	2270	936	133	560.54	560.54	
7575	2271	939	138	560.60	560.60	
7578	2272	936	136	560.60	560.60	
7582	2273	934	114	560.63	560.63	
7585	2274	942	134	560.67	560.67	
7588	2275	940	179	560.69	560.69	
7592	2276	938	253	560.73	560.73	
7595	2277	912	230	560.76		
7598	2278	944	386	560.78	560.78	
7602	2279					
7605	2280					
7608	2281					
7612	2282					
7615	2283					
7618	2284					
7622	2285					
7625	2286					
7628	2287					
7632	2288					
7635	2289					
7638	2290	972	277	560.45	560.45	
7642	2291	977	243	560.44	560.44	
7645	2292	978	216	560.36	560.36	
7648	2293	980	201	560.34	560.34	
7652	2294	985	186	560.31	560.31	
7655	2295	989	172	560.32	560.32	
7658	2296	989	155	560.25	560.25	
7662	2297	987	138	560.19	560.19	
7665	2298	990	129	560.15	560.15	
7668	2299	988	121	560.12	560.12	
7672	2300	987	120	560.15	560.15	
7675	2301	984	118	560.12	560.12	
7678	2302	984	111	560.20	560.20	
7682	2303	983	115	560.20	560.20	
7685	2304	985	117	560.19	560.19	
7688	2305	985	125	560.09	560.09	
7692	2306	983	133	560.08	560.08	
7695	2307	984	137	560.06	560.06	
7698	2308	981	133	560.03	560.03	
7702	2309	983	128	560.09	560.09	
7705	2310	984	129	560.08	560.08	
7708	2311	985	128	560.08	560.08	
7712	2312	984	127	560.08	560.08	
7715	2313	984	124	560.06	560.06	
7718	2314	986	124	560.12	560.12	
7722	2315	986	123	560.11	560.11	
7725	2316	984	124	560.11	560.11	
7728	2317	988	123	560.09	560.09	
7732	2318	985	122	560.08	560.08	
7735	2319	985	117	560.06	560.06	
7738	2320	987	119	560.04	560.04	
7742	2321	988	119	560.04	560.04	
7745	2322	986	120	560.03	560.03	
7748	2323	985	119	560.02	560.02	
7752	2324	985	127	560.01	560.01	
7755	2325	983	123	560.03	560.03	
7758	2326	985	120	559.96	559.96	
7762	2327	984	124	559.89	559.89	
7765	2328	986	123	559.88	559.88	
7768	2329	985	123	559.88	559.88	
7772	2330	984	122	559.86	559.86	
7775	2331	984	121	559.86	559.86	
7778	2332	987	121	559.85	559.85	
7782	2333	987	120	559.85	559.85	
7785	2334	987	122	559.85	559.85	
7788	2335	987	123	559.86	559.86	
7792	2336	984	120	559.87	559.87	
7795	2337	985	121	559.79	559.79	
7798	2338	984	122	559.80	559.80	
7802	2339	985	120	559.79	559.79	
7805	2340	985	122	559.78	559.78	
7808	2341	985	123	559.77	559.77	
7812	2342	980	128	559.77	559.77	
7815	2343	983	126	559.73	559.73	
7818	2344	983	128	559.74	559.74	
7822	2345	983	128	559.72	559.72	
7825	2346	982	126	559.72	559.72	
7828	2347	980	125	559.72	559.72	
7832	2348	982	123	559.78	559.78	
7835	2349	982	125	559.77	559.77	
7838	2350	985	123	559.79	559.79	
7842	2351	982	125	559.78	559.78	
7845	2352	981	121	567.55	567.55	
7848	2353	981	126	559.78	559.78	
7852	2354	984	123	559.79	559.79	
7855	2355	981	126	559.79	559.79	
7858	2356	983	126	559.83	559.83	
7862	2357	978	121	564.61	564.61	
7865	2358	986	125	559.85	559.85	
7868	2359	983	125	559.84	559.84	
7872	2360	977	129	559.84	559.84	
7875	2361	981	127	559.84	559.84	
7878	2362	984	124	559.84	559.84	
7882	2363	979	131	559.84	559.84	
7885	2364	985	126	559.85	559.85	
7888	2365	982	122	559.84	559.84	
7892	2366	986	129	559.84	559.84	
7895	2367	996	124	559.69	559.69	
7898	2368	1011	128	559.79	559.79	
7902	2369	1011	129	559.71	559.71	
7905	2370	1013	132	559.71	559.71	
7908	2371	1012	130	559.74	559.74	
7912	2372	1005	127	564.80	564.80	
7915	2373	1005	137	559.74	559.74	
7918	2374	1008	126	559.67	559.67	
7922	2375	1009	130	559.69	559.69	
7925	2376	1006	127	564.66	564.66	
7928	2377	1008	135	559.69	559.69	
7932	2378	1011	128	559.73	559.73	
7935	2379	1012	126	559.69	559.69	
7938	2380	1009	126	562.14	562.14	
7942	2381	1005	138	559.69	559.69	
7945	2382	1009	130	559.73	559.73	
7948	2383	1007	128	559.81	559.81	
7952	2384	1003	131	565.20	565.20	
7955	2385	1005	128	565.34	565.34	
7958	2386	1008	129	559.81	559.81	
7962	2387	1007	129	559.84	559.84	
7965	2388	1005	128	565.08	565.08	
7968	2389	1007	128	559.84	559.84	
7972	2390	1009	127	559.83	559.83	
7975	2391	1005	127	565.25	565.25	
7978	2392	1006	128	559.85	559.85	
7982	2393	1009	130	559.85	559.85	
7985	2394	1001	128	565.51	565.51	
7988	2395	1005	130	559.87	559.87	
7992	2396	1007	130	559.88	559.88	
7995	2397	1006	139	559.88	559.88	
7998	2398	1002	119	568.22	568.22	
8002	2399	1007	129	559.96	559.96	
8005	2400	1010	129	559.98	559.98	
8008	2401	1003	118	568.15	568.15	
8012	2402	1009	124	559.93	559.93	
8015	2403	1009	127	559.93	559.93	
8018	2404	1007	138	559.93	559.93	
8022	2405	1010	129	559.93	559.93	
8025	2406	1009	126	559.94	559.94	
8028	2407	1003	121	567.86	567.86	
8032	2408	1009	128	559.89	559.89	
8035	2409	1010	130	559.94	559.94	
8038	2410	1009	130	559.94	559.94	
8042	2411	1009	128	560.01	560.01	
8045	2412	1008	125	559.98	559.98	
8048	2413	1009	126	559.98	559.98	
8052	2414	1008	127	560.01	560.01	
8055	2415	1002	126	565.08	565.08	
8058	2416	1002	129	565.22	565.22	
8062	2417	1004	131	559.97	559.97	
8065	2418	1005	129	559.96	559.96	
8068	2419	1007	121	568.41	568.41	
8072	2420	1004	130	565.91	565.91	
8075	2421	1006	132	559.99	559.99	
8078	2422	1008	129	559.98	559.98	
8082	2423	1001	140	559.98	559.98	
8085	2424	1002	126	565.83	565.83	
8088	2425	1007	127	560.00	560.00	
8092	2426	1009	124	560.01	560.01	
8095	2427	1007	137	560.01	560.01	
8098	2428	1009	127	560.01	560.01	
8102	2429	1008	128	560.00	560.00	
8105	2430	1003	130	565.35	565.35	
8108	2431	1000	130	565.17	565.17	
8112	2432	1005	132	559.99	559.99	
8115	2433	1007	130	560.06	560.06	
8118	2434	1006	123	567.85	567.85	
8122	2435	1010	128	560.07	560.07	
8125	2436	1008	131	560.07	560.07	
8128	2437	1004	122	568.05	568.05	
8132	2438	1006	136	560.07	560.07	
8135	2439	1009	129	560.06	560.06	
8138	2440	1011	128	560.08	560.08	
8142	2441	1006	123	568.40	568.40	
8145	2442	1005	122	568.41	568.41	
8148	2443	1007	136	560.07	560.07	
8152	2444	1008	131	560.00	560.00	
8155	2445	1004	126	565.51	565.51	
8158	2446	1013	129	560.00	560.00	
8162	2447	1010	130	560.00	560.00	
8165	2448	1007	134	560.00	560.00	
8168	2449	1006	124	565.71	565.71	
8172	2450	1008	130	559.97	559.97	
8175	2451	1009	130	559.99	559.99	
8178	2452	1003	121	569.21	569.21	
8182	2453	1008	137	559.99	559.99	
8185	2454	1007	130	560.04	560.04	
8188	2455	1008	130	559.99	559.99	
8192	2456	1010	137	559.99	559.99	
8195	2457	1007	126	565.52	565.52	
8198	2458	1010	130	559.97	559.97	
8202	2459	1008	130	559.97	559.97	
8205	2460	1009	129	565.27	565.27	
8208	2461	1007	128	559.96	559.96	
8212	2462	1010	128	559.94	559.94	
8215	2463	1009	129	559.98	559.98	
8218	2464	1012	131	559.92	559.92	
8222	2465	1006	139	561.73	561.73	
8225	2466	1012	129	559.88	559.88	
8228	2467	1011	130	559.87	559.87	
8232	2468	1008	131	559.87	559.87	
8235	2469	1010	137	559.87	559.87	
8238	2470	1009	126	559.89	559.89	
8242	2471	1006	129	559.87	559.87	
8245	2472	1009	131	564.62	564.62	
8248	2473	1020	132	559.86	559.86	
8252	2474	1034	130	559.95	559.95	
8255	2475	1039	129	565.92	565.92	
8258	2476	1044	133	559.91	559.91	
8262	2477	1043	134	559.95	559.95	
8265	2478	1044	121	569.54	569.54	
8268	2479	1047	132	559.95	559.95	
8272	2480	1047	131	559.89	559.89	
8275	2481	1046	138	559.89	559.89	
8278	2482	1045	130	559.87	559.87	
8282	2483	1048	134	559.88	559.88	
8285	2484	1043	126	566.06	566.06	
8288	2485	1048	131	559.87	559.87	
8292	2486	1045	133	559.87	559.87	
8295	2487	1045	129	565.87	565.87	
8298	2488	1046	139	559.87	559.87	
8302	2489	1045	132	559.85	559.85	
8305	2490	1045	132	559.86	559.86	
8308	2491	1042	140	559.86	559.86	
8312	2492	1041	140	559.86	559.86	
8315	2493	1044	135	559.83	559.83	
8318	2494	1043	134	559.79	559.79	
8322	2495	1047	139	559.79	559.79	
8325	2496	1043	137	559.72	559.72	
8328	2497	1047	131	559.77	559.77	
8332	2498	1044	132	565.45	565.45	
8335	2499	1049	131	565.47	565.47	
8338	2500	1046	134	559.77	559.77	
8342	2501	1044	135	559.77	559.77	
8345	2502	1047	134	559.75	559.75	
8348	2503	1046	134	559.77	559.77	
8352	2504	1047	132	559.72	559.72	
8355	2505	1046	133	559.74	559.74	
8358	2506	1044	133	559.74	559.74	
8362	2507	1042	138	559.72	559.72	
8365	2508	1045	134	559.72	559.72	
8368	2509	1047	134	559.81	559.81	
8372	2510	1048	133	559.81	559.81	
8375	2511	1043	132	559.81	559.81	
8378	2512	1047	135	559.77	559.77	
8382	2513	1044	136	559.77	559.77	
8385	2514	1048	135	559.77	559.77	
8388	2515	1044	135	559.76	559.76	
8392	2516	1042	136	559.75	559.75	
8395	2517	1042	136	559.76	559.76	
8398	2518	1044	143	559.76	559.76	
8402	2519	1043	135	559.73	559.73	
8405	2520	1045	138	559.75	559.75	
8408	2521	1042	134	559.74	559.74	
8412	2522	1042	133	559.72	559.72	
8415	2523	1043	128	567.66	567.66	
8418	2524	1043	141	559.72	559.72	
8422	2525	1041	137	559.71	559.71	
8425	2526	1045	134	559.71	559.71	
8428	2527	1045	141	559.71	559.71	
8432	2528	1043	135	559.70	559.70	
8435	2529	1044	137	559.74	559.74	
8438	2530	1045	144	559.74	559.74	
8442	2531	1043	135	565.42	565.42	
8445	2532	1047	138	559.63	559.63	
8448	2533	1046	134	559.62	559.62	
8452	2534	1044	125	567.61	567.61	
8455	2535	1042	128	567.78	567.78	
8458	2536	1042	138	559.57	559.57	
8462	2537	1044	131	559.60	559.60	
8465	2538	1042	130	565.02	565.02	
8468	2539	1044	132	565.20	565.20	
8472	2540	1044	136	559.60	559.60	
8475	2541	1044	133	559.64	559.64	
8478	2542	1044	134	559.70	559.70	
8482	2543	1044	131	559.71	559.71	
8485	2544	1042	132	559.71	559.71	
8488	2545	1044	142	559.71	559.71	
8492	2546	1047	133	559.71	559.71	
8495	2547	1044	132	559.70	559.70	
8498	2548	1040	126	565.60	565.60	
8502	2549	1042	132	559.73	559.73	
8505	2550	1045	132	559.71	559.71	
8508	2551	1042	134	559.71	559.71	
8512	2552	1043	132	559.74	559.74	
8515	2553	1043	131	559.76	559.76	
8518	2554	1045	132	559.75	559.75	
8522	2555	1044	130	559.75	559.75	
8525	2556	1043	133	559.75	559.75	
8528	2557	1046	132	559.75	559.75	
8532	2558	1047	131	559.68	559.68	
8535	2559	1044	133	559.67	559.67	
8538	2560	1042	131	559.67	559.67	
8542	2561	1044	129	559.61	559.61	
8545	2562	1046	133	559.69	559.69	
8548	2563	1046	131	559.62	559.62	
8552	2564	1044	135	559.62	559.62	
8555	2565	1046	133	559.62	559.62	
8558	2566	1045	132	559.63	559.63	
8562	2567	1045	134	559.69	559.69	
8565	2568	1047	131	559.72	559.72	
8568	2569	1043	122	568.67	568.67	
8572	2570	1046	134	559.71	559.71	
8575	2571	1046	130	559.72	559.72	
8578	2572	1044	127	568.34	568.34	
8582	2573	1047	125	568.13	568.13	
8585	2574	1047	132	559.63	559.63	
8588	2575	1045	133	559.58	559.58	
8592	2576	1049	141	559.58	559.58	
8595	2577	1046	137	559.58	559.58	
8598	2578	1045	134	559.67	559.67	
8602	2579	1047	133	559.66	559.66	
8605	2580	1044	130	559.73	559.73	
8608	2581	1042	128	565.27	565.27	
8612	2582	1042	132	559.72	559.72	
8615	2583	1041	134	559.73	559.73	
8618	2584	1043	130	564.51	564.51	
8622	2585	1043	133	559.72	559.72	
8625	2586	1045	131	559.72	559.72	
8628	2587	1045	131	559.73	559.73	
8632	2588	1042	139	559.73	559.73	
8635	2589	1045	131	559.73	559.73	
8638	2590	1046	133	559.72	559.72	
8642	2591	1044	130	559.72	559.72	
8645	2592	1045	132	559.66	559.66	
8648	2593	1051	137	559.66	559.66	
8652	2594	1061	122	567.65	567.65	
8655	2595	1071	131	559.72	559.72	
8658	2596	1078	128	559.71	559.71	
8662	2597	1079	135	559.71	559.71	
8665	2598	1077	133	559.66	559.66	
8668	2599	1081	134	559.65	559.65	
8672	2600	1083	132	559.66	559.66	
8675	2601	1084	133	559.65	559.65	
8678	2602	1081	134	559.65	559.65	
8682	2603	1076	133	559.71	559.71	
8685	2604	1079	129	559.73	559.73	
8688	2605	1078	129	559.74	559.74	
8692	2606	1080	127	559.71	559.71	
8695	2607	1081	131	559.71	559.71	
8698	2608	1077	134	559.72	559.72	
8702	2609	1076	128	559.71	559.71	
8705	2610	1080	132	559.72	559.72	
8708	2611	1080	130	559.72	559.72	
8712	2612	1078	131	559.73	559.73	
8715	2613	1079	133	559.72	559.72	
8718	2614	1078	132	559.76	559.76	
8722	2615	1077	135	559.81	559.81	
8725	2616	1077	131	559.75	559.75	
8728	2617	1076	133	559.76	559.76	
8732	2618	1076	133	559.76	559.76	
8735	2619	1078	131	559.76	559.76	
8738	2620	1075	134	559.77	559.77	
8742	2621	1079	132	559.77	559.77	
8745	2622	1073	134	559.78	559.78	
8748	2623	1076	134	559.77	559.77	
8752	2624	1074	135	559.73	559.73	
8755	2625	1073	132	559.72	559.72	
8758	2626	1077	132	559.72	559.72	
8762	2627	1077	130	559.73	559.73	
8765	2628	1078	133	559.74	559.74	
8768	2629	1075	133	559.74	559.74	
8772	2630	1077	132	559.75	559.75	
8775	2631	1076	122	568.29	568.29	
8778	2632	1081	131	559.75	559.75	
8782	2633	1078	130	559.67	559.67	
8785	2634	1079	132	559.69	559.69	
8788	2635	1077	128	559.75	559.75	
8792	2636	1081	132	559.80	559.80	
8795	2637	1079	132	559.79	559.79	
8798	2638	1079	131	559.79	559.79	
8802	2639	1078	127	559.77	559.77	
8805	2640	1089	120	564.87	564.87	
8808	2641	1078	132	559.72	559.72	
8812	2642	1079	133	559.71	559.71	
8815	2643	1081	130	559.76	559.76	
8818	2644	1079	131	559.75	559.75	
8822	2645	1079	132	559.78	559.78	
8825	2646	1078	132	559.72	559.72	
8828	2647	1077	127	565.37	565.37	
8832	2648	1077	135	559.78	559.78	
8835	2649	1078	136	559.78	559.78	
8838	2650	1076	140	559.78	559.78	
8842	2651	1075	133	559.77	559.77	
8845	2652	1079	133	559.81	559.81	
8848	2653	1077	139	559.81	559.81	
8852	2654	1079	130	559.69	559.69	
8855	2655	1079	129	559.62	559.62	
8858	2656	1078	132	559.63	559.63	
8862	2657	1076	131	559.63	559.63	
8865	2658	1076	134	559.62	559.62	
8868	2659	1087	134	559.62	559.62	
8872	2660	1079	135	559.67	559.67	
8875	2661	1079	136	559.65	559.65	
8878	2662	1087	139	559.66	559.66	
8882	2663	1080	138	559.66	559.66	
8885	2664	1078	136	559.65	559.65	
8888	2665	1085	133	559.65	559.65	
8892	2666	1080	137	559.63	559.63	
8895	2667	1076	134	559.63	559.63	
8898	2668	1077	134	559.64	559.64	
8902	2669	1081	137	559.64	559.64	
8905	2670	1077	138	559.62	559.62	
8908	2671	1075	134	559.64	559.64	
8912	2672	1076	139	559.63	559.63	
8915	2673	1074	137	559.67	559.67	
8918	2674	1079	134	559.64	559.64	
8922	2675	1089	137	559.64	559.64	
8925	2676	1100	132	559.63	559.63	
8928	2677	1103	130	559.60	559.60	
8932	2678	1103	132	559.59	559.59	
8935	2679	1108	133	559.59	559.59	
8938	2680	1108	128	559.60	559.60	
8942	2681	1107	129	559.59	559.59	
8945	2682	1109	132	559.58	559.58	
8948	2683	1107	134	559.58	559.58	
8952	2684	1107	132	559.57	559.57	
8955	2685	1109	132	559.60	559.60	
8958	2686	1108	129	559.53	559.53	
8962	2687	1107	128	559.52	559.52	
8965	2688	1111	126	559.54	559.54	
8968	2689	1110	127	559.52	559.52	
8972	2690	1111	130	559.51	559.51	
8975	2691	1109	131	559.51	559.51	
8978	2692	1108	130	559.45	559.45	
8982	2693	1108	126	559.44	559.44	
8985	2694	1109	129	559.42	559.42	
8988	2695	1108	129	559.46	559.46	
8992	2696	1109	129	559.44	559.44	
8995	2697	1108	127	559.42	559.42	
8998	2698	1106	129	559.40	559.40	
9002	2699	1105	131	559.38	559.38	
9005	2700	1105	135	559.38	559.38	
9008	2701	1107	131	559.48	559.48	
9012	2702	1103	125	566.28	566.28	
9015	2703	1110	132	559.44	559.44	
9018	2704	1109	131	559.43	559.43	
9022	2705	1107	132	559.42	559.42	
9025	2706	1107	131	559.40	559.40	
9028	2707	1110	130	559.40	559.40	
9032	2708	1109	130	559.38	559.38	
9035	2709	1110	132	559.27	559.27	
9038	2710	1110	131	559.27	559.27	
9042	2711	1111	136	559.27	559.27	
9045	2712	1112	134	559.26	559.26	
9048	2713	1114	135	559.28	559.28	
9052	2714	1109	134	559.23	559.23	
9055	2715	1110	132	559.24	559.24	
9058	2716	1107	134	559.24	559.24	
9062	2717	1108	131	559.24	559.24	
9065	2718	1111	134	559.25	559.25	
9068	2719	1109	132	559.25	559.25	
9072	2720	1111	130	559.26	559.26	
9075	2721	1111	128	559.26	559.26	
9078	2722	1107	131	559.27	559.27	
9082	2723	1106	130	559.27	559.27	
9085	2724	1109	131	559.28	559.28	
9088	2725	1107	130	559.27	559.27	
9092	2726	1107	131	559.29	559.29	
9095	2727	1109	129	559.29	559.29	
9098	2728	1109	133	559.29	559.29	
9102	2729	1105	132	559.29	559.29	
9105	2730	1106	132	559.31	559.31	
9108	2731	1106	132	559.30	559.30	
9112	2732	1106	132	559.30	559.30	
9115	2733	1108	130	559.28	559.28	
9118	2734	1110	133	559.28	559.28	
9122	2735	1109	132	559.27	559.27	
9125	2736	1108	131	559.26	559.26	
9128	2737	1108	131	559.25	559.25	
9132	2738	1109	127	559.25	559.25	
9135	2739	1108	130	559.24	559.24	
9138	2740	1109	128	559.22	559.22	
9142	2741	1111	140	559.22	559.22	
9145	2742	1107	129	559.22	559.22	
9148	2743	1109	134	559.21	559.21	
9152	2744	1108	131	559.20	559.20	
9155	2745	1108	132	559.23	559.23	
9158	2746	1110	134	559.21	559.21	
9162	2747	1106	130	559.32	559.32	
9165	2748	1109	129	559.28	559.28	
9168	2749	1106	131	559.23	559.23	
9172	2750	1104	128	559.19	559.19	
9175	2751	1107	124	559.18	559.18	
9178	2752	1115	125	559.12	559.12	
9181	2753	1127	122	559.21	559.21	
9185	2754	1137	128	559.21	559.21	
9188	2755	1151	125	559.22	559.22	
9192	2756	1155	130	559.22	559.22	
9195	2757	1160	124	559.19	559.19	
9198	2758	1158	125	559.27	559.27	
9202	2759	1159	127	559.27	559.27	
9205	2760	1163	125	559.30	559.30	
9208	2761	1161	124	559.23	559.23	
9212	2762	1161	125	559.24	559.24	
9215	2763	1164	126	559.31	559.31	
9218	2764	1162	130	559.21	559.21	
9221	2765	1159	126	559.14	559.14	
9225	2766	1162	127	559.13	559.13	
9228	2767	1157	132	559.19	559.19	
9232	2768	1160	127	559.19	559.19	
9235	2769	1162	127	559.19	559.19	
9238	2770	1161	125	559.22	559.22	
9242	2771	1160	129	559.21	559.21	
9245	2772	1158	129	559.16	559.16	
9248	2773	1161	128	559.19	559.19	
9251	2774	1164	127	559.19	559.19	
9255	2775	1162	129	559.28	559.28	
9258	2776	1161	131	559.22	559.22	
9262	2777	1156	127	559.17	559.17	
9265	2778	1163	126	559.17	559.17	
9268	2779	1162	127	559.23	559.23	
9272	2780	1163	128	559.24	559.24	
9275	2781	1162	127	559.24	559.24	
9278	2782	1159	126	559.25	559.25	
9282	2783	1162	128	559.26	559.26	
9285	2784	1160	128	559.19	559.19	
9288	2785	1160	129	559.19	559.19	
9291	2786	1158	131	559.19	559.19	
9295	2787	1157	126	559.19	559.19	
9298	2788	1160	128	559.17	559.17	
9302	2789	1157	129	559.18	559.18	
9305	2790	1158	131	559.18	559.18	
9308	2791	1161	126	559.16	559.16	
9312	2792	1162	127	559.18	559.18	
9315	2793	1161	128	559.15	559.15	
9318	2794	1159	130	559.16	559.16	
9321	2795	1156	128	559.21	559.21	
9325	2796	1160	127	559.20	559.20	
9328	2797	1163	129	559.18	559.18	
9332	2798	1158	128	559.18	559.18	
9335	2799	1158	132	559.16	559.16	
9338	2800	1159	129	559.17	559.17	
9342	2801	1159	129	559.16	559.16	
9345	2802	1162	129	559.15	559.15	
9348	2803	1161	128	559.16	559.16	
9351	2804	1161	121	559.16	559.16	
9355	2805	1166	126	559.14	559.14	
9358	2806	1160	123	559.15	559.15	
9361	2807	1160	125	559.21	559.21	
9365	2808	1160	126	559.21	559.21	
9368	2809	1160	130	559.19	559.19	
9372	2810	1158	124	559.20	559.20	
9375	2811	1163	124	559.19	559.19	
9378	2812	1162	124	559.20	559.20	
9381	2813	1160	122	559.20	559.20	
9385	2814	1164	123	559.20	559.20	
9388	2815	1160	124	559.20	559.20	
9391	2816	1160	124	559.19	559.19	
9395	2817	1159	126	559.15	559.15	
9398	2818	1162	122	559.15	559.15	
9402	2819	1161	128	559.21	559.21	
9405	2820	1162	123	559.20	559.20	
9408	2821	1160	121	559.16	559.16	
9412	2822	1161	124	559.16	559.16	
9415	2823	1163	123	559.16	559.16	
9418	2824	1161	124	559.14	559.14	
9421	2825	1162	127	559.13	559.13	
9425	2826	1161	125	559.10	559.10	
9428	2827	1163	123	559.17	559.17	
9431	2828	1162	124	559.10	559.10	
9435	2829	1163	125	559.18	559.18	
9438	2830	1160	124	559.12	559.12	
9442	2831	1164	125	559.19	559.19	
9445	2832	1157	125	559.13	559.13	
9448	2833	1163	125	559.11	559.11	
9451	2834	1163	124	559.13	559.13	
9455	2835	1159	128	559.06	559.06	
9458	2836	1160	124	559.05	559.05	
9461	2837	1161	125	559.04	559.04	
9465	2838	1156	125	559.04	559.04	
9468	2839	1160	122	559.04	559.04	
9472	2840	1157	128	559.09	559.09	
9475	2841	1158	125	559.10	559.10	
9478	2842	1157	128	559.10	559.10	
9481	2843	1157	125	559.10	559.10	
9485	2844	1160	123	559.10	559.10	
9488	2845	1159	124	559.10	559.10	
9491	2846	1161	125	559.09	559.09	
9495	2847	1157	127	559.10	559.10	
9498	2848	1157	123	559.18	559.18	
9501	2849	1150	121	559.21	559.21	
9505	2850	1145	124	559.20	559.20	
9508	2851	1144	123	559.20	559.20	
9512	2852	1147	127	559.21	559.21	
9515	2853	1147	128	559.21	559.21	
9518	2854	1147	127	559.21	559.21	
9521	2855	1147	126	559.15	559.15	
9525	2856	1148	127	559.15	559.15	
9528	2857	1144	130	559.15	559.15	
9531	2858	1150	130	559.15	559.15	
9535	2859	1147	127	559.16	559.16	
9538	2860	1150	127	559.16	559.16	
9542	2861	1151	129	559.17	559.17	
9545	2862	1145	127	559.17	559.17	
9548	2863	1147	131	559.15	559.15	
9551	2864	1148	130	559.14	559.14	
9555	2865	1149	128	559.14	559.14	
9558	2866	1147	126	559.14	559.14	
9561	2867	1148	125	559.21	559.21	
9565	2868	1148	129	559.22	559.22	
9568	2869	1149	124	559.21	559.21	
9571	2870	1149	123	559.21	559.21	
9575	2871	1151	124	559.21	559.21	
9578	2872	1152	125	559.22	559.22	
9581	2873	1149	125	559.16	559.16	
9585	2874	1149	125	559.16	559.16	
9588	2875	1147	126	559.13	559.13	
9591	2876	1148	125	559.12	559.12	
9595	2877	1151	127	559.15	559.15	
9598	2878	1149	126	559.14	559.14	
9601	2879	1151	128	559.14	559.14	
9605	2880	1147	125	559.14	559.14	
9608	2881	1146	130	559.07	559.07	
9612	2882	1144	126	559.07	559.07	
9615	2883	1149	130	559.11	559.11	
9618	2884	1149	125	559.10	559.10	
9621	2885	1148	124	559.09	559.09	
9625	2886	1147	127	559.09	559.09	
9628	2887	1149	127	559.09	559.09	
9631	2888	1147	127	559.08	559.08	
9635	2889	1150	126	559.09	559.09	
9638	2890	1150	125	559.07	559.07	
9641	2891	1149	126	559.09	559.09	
9645	2892	1149	125	559.08	559.08	
9648	2893	1148	126	559.06	559.06	
9651	2894	1150	128	559.06	559.06	
9655	2895	1148	125	559.07	559.07	
9658	2896	1150	126	559.08	559.08	
9661	2897	1147	128	559.07	559.07	
9665	2898	1148	125	559.06	559.06	
9668	2899	1149	127	559.07	559.07	
9671	2900	1146	124	559.05	559.05	
9675	2901	1150	122	559.05	559.05	
9678	2902	1151	124	559.05	559.05	
9681	2903	1151	125	559.07	559.07	
9685	2904	1146	130	559.05	559.05	
9688	2905	1146	126	559.06	559.06	
9691	2906	1150	125	559.06	559.06	
9695	2907	1148	127	559.00	559.00	
9698	2908	1149	128	559.00	559.00	
9701	2909	1147	130	559.00	559.00	
9705	2910	1149	126	558.99	558.99	
9708	2911	1147	126	558.99	558.99	
9712	2912	1148	124	558.99	558.99	
9715	2913	1149	125	558.98	558.98	
9718	2914	1149	126	558.99	558.99	
9721	2915	1148	128	559.05	559.05	
9725	2916	1150	125	559.05	559.05	
9728	2917	1149	128	558.96	558.96	
9731	2918	1144	129	558.95	558.95	
9735	2919	1148	129	558.97	558.97	
9738	2920	1142	125	558.90	558.90	
9741	2921	1146	130	558.90	558.90	
9745	2922	1144	129	558.91	558.91	
9748	2923	1148	124	558.97	558.97	
9751	2924	1149	125	558.98	558.98	
9755	2925	1144	127	558.90	558.90	
9758	2926	1156	127	558.95	558.95	
9761	2927	1175	124	558.93	558.93	
9765	2928	1191	125	559.10	559.10	
9768	2929	1203	127	559.07	559.07	
9771	2930	1209	124	558.99	558.99	
9775	2931	1219	127	558.88	558.88	
9778	2932	1221	123	558.93	558.93	
9781	2933	1220	121	558.86	558.86	
9785	2934	1219	127	558.86	558.86	
9788	2935	1218	123	558.87	558.87	
9791	2936	1217	123	558.86	558.86	
9795	2937	1218	123	558.97	558.97	
9798	2938	1218	122	559.05	559.05	
9801	2939	1221	124	559.05	559.05	
9805	2940	1223	123	559.03	559.03	
9808	2941	1225	122	559.04	559.04	
9811	2942	1221	126	559.02	559.02	
9815	2943	1222	124	559.03	559.03	
9818	2944	1224	124	559.02	559.02	
9821	2945	1223	125	559.04	559.04	
9825	2946	1222	126	558.95	558.95	
9828	2947	1219	124	558.95	558.95	
9831	2948	1222	126	558.95	558.95	
9835	2949	1220	129	558.96	558.96	
9838	2950	1222	123	558.95	558.95	
9841	2951	1224	126	558.95	558.95	
9845	2952	1220	127	559.03	559.03	
9848	2953	1221	126	558.95	558.95	
9851	2954	1220	124	558.94	558.94	
9855	2955	1217	126	559.02	559.02	
9858	2956	1219	124	559.02	559.02	
9861	2957	1219	128	559.02	559.02	
9865	2958	1216	126	559.06	559.06	
9868	2959	1217	128	559.06	559.06	
9871	2960	1221	127	559.06	559.06	
9875	2961	1220	124	559.08	559.08	
9878	2962	1217	126	559.01	559.01	
9881	2963	1216	124	559.00	559.00	
9885	2964	1220	126	559.00	559.00	
9888	2965	1220	126	559.01	559.01	
9891	2966	1221	128	559.01	559.01	
9895	2967	1221	126	558.99	558.99	
9898	2968	1220	127	559.00	559.00	
9901	2969	1217	130	558.90	558.90	
9905	2970	1214	126	558.89	558.89	
9908	2971	1214	129	558.90	558.90	
9911	2972	1221	125	558.88	558.88	
9915	2973	1214	126	558.94	558.94	
9918	2974	1217	124	558.95	558.95	
9921	2975	1220	122	558.94	558.94	
9925	2976	1216	127	558.94	558.94	
9928	2977	1217	126	558.93	558.93	
9931	2978	1215	126	558.93	558.93	
9935	2979	1218	129	558.91	558.91	
9938	2980	1217	125	558.91	558.91	
9941	2981	1217	127	558.92	558.92	
9945	2982	1218	125	558.86	558.86	
9948	2983	1218	125	558.90	558.90	
9951	2984	1217	121	558.94	558.94	
9955	2985	1218	125	559.02	559.02	
9958	2986	1219	121	558.96	558.96	
9961	2987	1216	127	558.86	558.86	
9965	2988	1221	128	558.86	558.86	
9968	2989	1218	126	558.81	558.81	
9971	2990	1215	126	558.82	558.82	
9975	2991	1215	128	558.87	558.87	
9978	2992	1218	122	558.88	558.88	
9981	2993	1217	126	558.88	558.88	
9985	2994	1218	125	558.87	558.87	
9988	2995	1215	128	558.88	558.88	
9991	2996	1218	129	558.89	558.89	
9995	2997	1213	131	558.96	558.96	
9998	2998	1215	131	558.93	558.93	
10001	2999	1216	127	558.98	558.98	
10005	3000	1216	131	558.98	558.98