RecordingTimestamp	GazePointIndex	GazePointXLeft	GazePointYLeft	CamX(L)	CamY(L)	DistanceLeft	Pupil(L)	Validity(L)	GazePointXRight	GazePointYRight	CamX(R)	CamY(R)	DistanceRight	Pupil(R)	Validity(R)	Fixation	GazePointX	GazePointY	Event	EventKey	Data 1	Data 2	Description
14	1	630	577	0.663	0.420	599.612	4.570	0	619	588	0.368	0.445	604.148	4.526	0	1	625	579	 	 	 	 	 
34	2	628	568	0.663	0.420	601.391	4.533	0	613	588	0.368	0.445	605.519	4.549	0	1	625	579	 	 	 	 	 
54	3	631	572	0.663	0.420	601.391	4.564	0	624	598	0.368	0.445	605.519	4.510	0	1	625	579	 	 	 	 	 
73	4	627	568	0.663	0.420	601.391	4.517	0	619	600	0.368	0.445	605.519	4.525	0	1	625	579	 	 	 	 	 
93	5	630	573	0.663	0.420	601.391	4.513	0	623	598	0.368	0.445	605.519	4.556	0	1	625	579	 	 	 	 	 
113	6	629	553	0.663	0.420	601.391	4.476	0	621	596	0.368	0.445	605.519	4.519	0	1	625	579	 	 	 	 	 
133	7	627	549	0.663	0.420	602.700	4.454	0	619	598	0.368	0.445	604.893	4.530	0	1	625	579	 	 	 	 	 
153	8	630	564	0.663	0.420	602.700	4.442	0	624	606	0.368	0.445	604.893	4.556	0	1	625	579	 	 	 	 	 
173	9	637	562	0.663	0.420	602.700	4.490	0	628	594	0.368	0.445	604.893	4.519	0	1	625	579	 	 	 	 	 
193	10	627	561	0.663	0.420	602.700	4.452	0	627	607	0.368	0.445	604.893	4.521	0	1	625	579	 	 	 	 	 
213	11	622	565	0.663	0.420	602.700	4.524	0	624	578	0.368	0.445	604.893	4.484	0	1	625	579	 	 	 	 	 
233	12	623	567	0.663	0.421	600.720	4.531	0	625	575	0.369	0.446	604.020	4.453	0	1	625	579	 	 	 	 	 
253	13	616	570	0.663	0.421	600.720	4.445	0	627	592	0.369	0.446	604.020	4.399	0	1	625	579	 	 	 	 	 
273	14	623	572	0.663	0.421	600.720	4.422	0	626	592	0.369	0.446	604.020	4.400	0	1	625	579	 	 	 	 	 
293	15	634	570	0.663	0.421	600.720	4.421	0	623	588	0.369	0.446	604.020	4.412	0	1	625	579	 	 	 	 	 
313	16	628	624	0.663	0.422	600.720	4.388	0	617	664	0.369	0.447	604.020	4.494	0	 	 	 	 	 	 	 	 
333	17	635	630	0.662	0.426	600.349	4.369	0	615	674	0.370	0.450	600.962	4.483	0	 	 	 	 	 	 	 	 
353	18	647	1004	0.662	0.426	600.348	4.228	0	593	991	0.370	0.451	600.962	4.214	0	2	622	995	 	 	 	 	 
372	19	647	1009	0.662	0.427	600.348	4.238	0	596	987	0.369	0.451	600.962	4.245	0	2	622	995	 	 	 	 	 
392	20	647	1006	0.662	0.427	600.348	4.260	0	596	985	0.369	0.451	600.962	4.197	0	2	622	995	 	 	 	 	 
412	21	648	1011	0.662	0.427	600.348	4.226	0	591	986	0.369	0.451	600.962	4.138	0	2	622	995	 	 	 	 	 
432	22	648	1013	0.662	0.427	600.232	4.236	0	592	983	0.369	0.451	601.891	4.141	0	2	622	995	 	 	 	 	 
452	23	650	1008	0.662	0.427	600.232	4.174	0	591	983	0.368	0.451	601.891	4.109	0	2	622	995	 	 	 	 	 
472	24	651	1008	0.662	0.427	600.232	4.141	0	597	982	0.368	0.451	601.891	4.129	0	2	622	995	 	 	 	 	 
492	25	651	1007	0.662	0.427	600.232	4.179	0	596	977	0.368	0.451	601.891	4.058	0	2	622	995	 	 	 	 	 
512	26	650	1013	0.662	0.427	600.232	4.105	0	599	976	0.368	0.451	601.891	4.071	0	2	622	995	 	 	 	 	 
532	27	651	1011	0.662	0.427	604.787	4.123	0	602	974	0.368	0.452	602.203	4.062	0	2	622	995	 	 	 	 	 
552	28	645	1008	0.662	0.427	604.787	4.185	0	593	988	0.368	0.452	602.203	4.062	0	2	622	995	 	 	 	 	 
572	29	649	1010	0.662	0.427	604.787	4.145	0	595	977	0.368	0.452	602.203	4.059	0	2	622	995	 	 	 	 	 
592	30	653	1040	0.661	0.430	604.787	4.110	0	593	1182	0.368	0.454	602.203	4.094	0	 	 	 	 	 	 	 	 
612	31	655	1039	0.661	0.431	604.788	4.158	0	597	1187	0.368	0.455	602.203	4.057	0	 	 	 	 	 	 	 	 
632	32	638	1090	0.662	0.431	597.601	4.080	0	627	1243	0.368	0.455	615.094	4.147	0	 	 	 	 	 	 	 	 
652	33	652	1049	0.662	0.431	597.600	4.120	0	597	1187	0.368	0.455	615.094	4.129	0	3	627	1123	 	 	 	 	 
671	34	658	1048	0.662	0.431	597.601	4.112	0	595	1190	0.369	0.455	615.094	4.118	0	3	627	1123	 	 	 	 	 
691	35	651	1051	0.662	0.432	597.600	4.138	0	595	1191	0.369	0.455	615.094	4.121	0	3	627	1123	 	 	 	 	 
711	36	657	1050	0.663	0.432	597.601	4.095	0	596	1194	0.369	0.456	615.094	4.127	0	3	627	1123	 	 	 	 	 
731	37	659	1050	0.663	0.432	598.855	4.104	0	615	1232	0.369	0.456	612.880	4.108	0	3	627	1123	 	 	 	 	 
751	38	655	1046	0.664	0.433	598.855	4.154	0	595	1190	0.370	0.456	612.880	4.130	0	3	627	1123	 	 	 	 	 
771	39	656	1050	0.664	0.433	598.855	4.137	0	597	1191	0.370	0.456	612.880	4.151	0	3	627	1123	 	 	 	 	 
791	40	632	1053	0.665	0.434	598.853	4.064	0	535	1231	0.372	0.456	612.879	4.173	0	 	 	 	 	 	 	 	 
811	41	296	1092	0.668	0.434	598.850	3.978	0	315	1206	0.375	0.456	612.876	4.226	0	 	 	 	 	 	 	 	 
831	42	247	1107	0.669	0.434	596.002	3.919	0	289	1215	0.376	0.457	596.004	4.138	0	 	 	 	 	 	 	 	 
851	43	304	1113	0.670	0.434	596.003	4.096	0	294	1209	0.376	0.456	596.004	4.082	0	4	300	1157	 	 	 	 	 
871	44	308	1084	0.670	0.435	596.003	4.113	0	310	1200	0.376	0.456	596.004	4.125	0	4	300	1157	 	 	 	 	 
891	45	299	1108	0.671	0.435	596.003	4.109	0	306	1210	0.377	0.457	596.004	4.114	0	4	300	1157	 	 	 	 	 
911	46	329	1119	0.671	0.435	596.003	4.139	0	292	1203	0.377	0.457	596.004	4.123	0	4	300	1157	 	 	 	 	 
930	47	330	1111	0.672	0.436	596.450	4.153	0	287	1200	0.378	0.457	607.188	4.220	0	4	300	1157	 	 	 	 	 
950	48	286	1116	0.673	0.436	596.449	4.180	0	292	1212	0.379	0.457	607.188	4.244	0	4	300	1157	 	 	 	 	 
970	49	301	1098	0.673	0.436	596.450	4.137	0	302	1212	0.379	0.456	607.188	4.288	0	4	300	1157	 	 	 	 	 
990	50	300	1100	0.674	0.436	596.449	4.085	0	288	1211	0.379	0.456	607.188	4.305	0	4	300	1157	 	 	 	 	 
1010	51	287	1122	0.674	0.436	596.449	4.154	0	299	1201	0.380	0.456	607.188	4.334	0	4	300	1157	 	 	 	 	 
1030	52	294	1114	0.675	0.436	596.364	4.117	0	302	1200	0.380	0.456	605.777	4.358	0	4	300	1157	 	 	 	 	 
1050	53	320	1104	0.675	0.437	596.364	4.258	0	293	1213	0.381	0.456	605.777	4.390	0	4	300	1157	 	 	 	 	 
1070	54	280	1115	0.675	0.437	596.364	4.315	0	297	1202	0.381	0.456	605.777	4.352	0	4	300	1157	 	 	 	 	 
1090	55	310	1106	0.676	0.437	596.364	4.292	0	322	1176	0.381	0.456	605.778	4.425	0	5	318	1139	 	 	 	 	 
1110	56	329	1105	0.676	0.437	596.364	4.325	0	313	1179	0.381	0.456	605.778	4.430	0	5	318	1139	 	 	 	 	 
1130	57	315	1109	0.676	0.437	598.364	4.367	0	324	1164	0.382	0.456	604.195	4.422	0	5	318	1139	 	 	 	 	 
1150	58	327	1110	0.676	0.437	598.364	4.349	0	308	1183	0.382	0.456	604.194	4.454	0	5	318	1139	 	 	 	 	 
1170	59	316	1104	0.676	0.437	598.364	4.385	0	318	1162	0.382	0.456	604.195	4.486	0	5	318	1139	 	 	 	 	 
1190	60	329	1098	0.676	0.437	598.364	4.354	0	320	1173	0.382	0.456	604.195	4.468	0	5	318	1139	 	 	 	 	 
1210	61	327	1105	0.677	0.437	598.364	4.421	0	313	1168	0.382	0.456	604.195	4.480	0	5	318	1139	 	 	 	 	 
1229	62	316	1099	0.676	0.437	606.680	4.497	0	318	1159	0.382	0.456	605.667	4.505	0	5	318	1139	 	 	 	 	 
1249	63	310	1101	0.676	0.436	606.680	4.466	0	325	1183	0.382	0.456	605.667	4.550	0	5	318	1139	 	 	 	 	 
1269	64	300	1112	0.676	0.436	606.680	4.556	0	320	1191	0.382	0.455	605.667	4.522	0	5	318	1139	 	 	 	 	 
1289	65	620	1051	0.675	0.436	606.682	4.668	0	450	1206	0.380	0.455	605.669	4.568	0	 	 	 	 	 	 	 	 
1309	66	655	1052	0.672	0.436	606.684	4.632	0	599	1191	0.378	0.456	605.671	4.648	0	 	 	 	 	 	 	 	 
1329	67	681	1094	0.672	0.436	595.213	4.634	0	610	1193	0.378	0.456	605.658	4.654	0	 	 	 	 	 	 	 	 
1349	68	649	1054	0.672	0.436	595.212	4.539	0	597	1190	0.378	0.456	605.657	4.637	0	 	 	 	 	 	 	 	 
1369	69	626	1106	0.672	0.436	595.212	4.578	0	596	1193	0.377	0.456	605.657	4.621	0	6	612	1158	 	 	 	 	 
1389	70	631	1110	0.672	0.436	595.212	4.580	0	598	1195	0.377	0.456	605.657	4.601	0	6	612	1158	 	 	 	 	 
1409	71	616	1108	0.671	0.436	595.212	4.591	0	599	1193	0.377	0.457	605.657	4.619	0	6	612	1158	 	 	 	 	 
1429	72	633	1116	0.671	0.436	595.307	4.616	0	599	1195	0.377	0.457	606.582	4.611	0	6	612	1158	 	 	 	 	 
1449	73	617	1130	0.671	0.436	595.307	4.624	0	599	1195	0.376	0.457	606.582	4.723	0	6	612	1158	 	 	 	 	 
1469	74	632	1117	0.671	0.436	595.307	4.644	0	599	1195	0.376	0.456	606.582	4.715	0	6	612	1158	 	 	 	 	 
1489	75	625	1139	0.671	0.436	595.307	4.658	0	599	1195	0.376	0.456	606.582	4.761	0	6	612	1158	 	 	 	 	 
1509	76	628	1132	0.671	0.436	595.307	4.690	0	600	1194	0.376	0.456	606.582	4.780	0	6	612	1158	 	 	 	 	 
1529	77	634	1131	0.671	0.436	595.879	4.714	0	600	1194	0.376	0.456	605.722	4.785	0	6	612	1158	 	 	 	 	 
1548	78	647	1054	0.671	0.436	595.878	4.732	0	598	1202	0.377	0.456	605.722	4.788	0	 	 	 	 	 	 	 	 
1568	79	372	1088	0.673	0.435	595.875	4.726	0	375	1158	0.379	0.456	605.719	4.802	0	 	 	 	 	 	 	 	 
1588	80	333	1091	0.674	0.435	595.875	4.740	0	338	1148	0.380	0.455	605.718	4.763	0	 	 	 	 	 	 	 	 
1608	81	329	1087	0.674	0.435	595.875	4.733	0	305	1161	0.379	0.455	605.718	4.853	0	 	 	 	 	 	 	 	 
1628	82	189	1084	0.674	0.435	595.645	4.732	0	161	1133	0.379	0.456	602.713	4.832	0	 	 	 	 	 	 	 	 
1648	83	325	1101	0.674	0.435	595.647	4.765	0	323	1137	0.379	0.456	602.715	4.789	0	7	325	1125	 	 	 	 	 
1668	84	325	1095	0.674	0.435	595.647	4.771	0	325	1144	0.379	0.456	602.715	4.813	0	7	325	1125	 	 	 	 	 
1688	85	324	1090	0.674	0.436	595.646	4.804	0	319	1140	0.379	0.456	602.715	4.831	0	7	325	1125	 	 	 	 	 
1708	86	336	1114	0.674	0.436	595.647	4.868	0	318	1151	0.379	0.456	602.715	4.842	0	7	325	1125	 	 	 	 	 
1728	87	340	1110	0.674	0.435	592.777	4.865	0	320	1155	0.380	0.456	599.908	4.841	0	7	325	1125	 	 	 	 	 
1748	88	322	1119	0.675	0.435	592.776	4.860	0	322	1157	0.380	0.455	599.908	4.860	0	7	325	1125	 	 	 	 	 
1768	89	327	1091	0.675	0.435	592.776	4.839	0	325	1142	0.380	0.455	599.908	4.889	0	7	325	1125	 	 	 	 	 
1788	90	315	1104	0.675	0.435	592.776	4.872	0	340	1148	0.380	0.455	599.909	4.879	0	7	325	1125	 	 	 	 	 
1808	91	625	1055	0.673	0.436	592.779	4.962	0	532	1178	0.378	0.455	599.911	4.979	0	 	 	 	 	 	 	 	 
1828	92	628	1051	0.669	0.436	598.657	5.016	0	554	1174	0.375	0.456	603.574	5.030	0	 	 	 	 	 	 	 	 
1847	93	806	1039	0.669	0.436	598.661	5.087	0	829	1168	0.375	0.456	603.578	4.980	0	 	 	 	 	 	 	 	 
1867	94	839	1064	0.669	0.436	598.662	5.152	0	869	1152	0.375	0.456	603.578	4.986	0	 	 	 	 	 	 	 	 
1874	 	 	 	 	 	 	 	5	 	 	 	 	 	 	5	 	 	 	LMouseButton	1	-1058	279	
1887	95	856	1079	0.669	0.436	598.662	5.097	0	870	1167	0.375	0.456	603.578	5.006	0	 	 	 	 	 	 	 	 
1907	96	833	1064	0.669	0.436	598.662	5.119	0	873	1172	0.375	0.456	603.578	4.972	0	 	 	 	 	 	 	 	 
1927	97	856	1083	0.669	0.436	598.536	5.139	0	893	1168	0.375	0.456	599.329	4.946	0	 	 	 	 	 	 	 	 
1947	98	824	1055	0.669	0.436	598.535	5.127	0	869	1170	0.375	0.456	599.329	4.981	0	 	 	 	 	 	 	 	 
1967	99	845	1055	0.669	0.436	598.536	5.123	0	860	1165	0.375	0.456	599.329	4.977	0	 	 	 	 	 	 	 	 
1987	100	840	1058	0.669	0.436	598.536	5.152	0	860	1168	0.375	0.456	599.329	5.015	0	 	 	 	 	 	 	 	 
2007	101	847	1054	0.669	0.436	598.536	5.166	0	867	1156	0.375	0.456	599.329	5.049	0	 	 	 	 	 	 	 	 
2027	102	859	1054	0.669	0.436	599.638	5.183	0	862	1153	0.375	0.456	598.445	5.055	0	 	 	 	 	 	 	 	 
2047	103	899	1051	0.669	0.436	599.639	5.049	0	897	1156	0.374	0.456	598.446	5.024	0	8	905	1104	 	 	 	 	 
2067	104	882	1033	0.669	0.436	599.639	5.112	0	921	1160	0.374	0.456	598.446	4.990	0	8	905	1104	 	 	 	 	 
2087	105	884	1021	0.669	0.436	599.639	5.185	0	918	1142	0.374	0.456	598.446	5.093	0	8	905	1104	 	 	 	 	 
2107	106	895	1037	0.669	0.436	599.639	5.186	0	910	1157	0.374	0.456	598.446	5.035	0	8	905	1104	 	 	 	 	 
2127	107	884	1025	0.669	0.436	595.991	5.216	0	923	1154	0.374	0.456	598.430	5.045	0	8	905	1104	 	 	 	 	 
2146	108	884	1061	0.669	0.436	595.991	5.000	0	916	1159	0.375	0.456	598.430	4.983	0	8	905	1104	 	 	 	 	 
2166	109	899	1067	0.670	0.436	595.992	4.961	0	925	1153	0.375	0.456	598.430	4.991	0	8	905	1104	 	 	 	 	 
2186	110	887	1063	0.670	0.436	595.991	4.968	0	913	1154	0.375	0.456	598.430	4.961	0	8	905	1104	 	 	 	 	 
2206	111	909	1068	0.670	0.436	595.992	4.977	0	915	1165	0.375	0.456	598.430	4.928	0	8	905	1104	 	 	 	 	 
2226	112	917	1070	0.670	0.436	596.886	4.965	0	915	1162	0.375	0.456	597.570	4.913	0	8	905	1104	 	 	 	 	 
2246	113	901	1061	0.670	0.436	596.886	4.888	0	920	1175	0.376	0.456	597.570	4.867	0	8	905	1104	 	 	 	 	 
2266	114	680	1110	0.672	0.436	596.883	4.991	0	615	1191	0.378	0.456	597.567	4.824	0	 	 	 	 	 	 	 	 
2286	115	608	1114	0.674	0.437	596.882	4.783	0	597	1194	0.379	0.456	597.565	4.828	0	 	 	 	 	 	 	 	 
2306	116	650	1056	0.674	0.437	596.882	4.750	0	597	1193	0.379	0.456	597.565	4.834	0	 	 	 	 	 	 	 	 
2326	117	446	1131	0.674	0.437	598.695	4.752	0	461	1230	0.380	0.456	599.729	4.827	0	 	 	 	 	 	 	 	 
2346	118	619	1111	0.674	0.437	598.698	4.752	0	595	1190	0.380	0.456	599.731	4.852	0	 	 	 	 	 	 	 	 
2366	119	623	1119	0.675	0.437	598.698	4.802	0	598	1193	0.380	0.455	599.731	4.801	0	 	 	 	 	 	 	 	 
2386	120	616	1138	0.675	0.437	598.698	4.795	0	596	1189	0.380	0.455	599.731	4.849	0	 	 	 	 	 	 	 	 
2406	121	-1280	-1024	-1.000	-1.000	-1.000	-1.000	4	-1280	-1024	-1.000	-1.000	-1.000	-1.000	4	 	 	 	 	 	 	 	 
2426	122	-1280	-1024	-1.000	-1.000	-1.000	-1.000	4	-1280	-1024	-1.000	-1.000	-1.000	-1.000	4	 	 	 	 	 	 	 	 
2446	123	-1280	-1024	-1.000	-1.000	-1.000	-1.000	4	-1280	-1024	-1.000	-1.000	-1.000	-1.000	4	 	 	 	 	 	 	 	 
2465	124	-1280	-1024	-1.000	-1.000	-1.000	-1.000	4	-1280	-1024	-1.000	-1.000	-1.000	-1.000	4	 	 	 	 	 	 	 	 
2485	125	-1280	-1024	-1.000	-1.000	-1.000	-1.000	4	-1280	-1024	-1.000	-1.000	-1.000	-1.000	4	 	 	 	 	 	 	 	 
2505	126	-1280	-1024	-1.000	-1.000	-1.000	-1.000	4	-1280	-1024	-1.000	-1.000	-1.000	-1.000	4	 	 	 	 	 	 	 	 
2525	127	303	226	0.679	0.424	598.693	4.862	0	320	330	0.386	0.442	599.726	4.903	0	9	306	268	 	 	 	 	 
2545	128	302	223	0.679	0.424	599.632	4.870	0	319	325	0.385	0.443	601.354	4.916	0	9	306	268	 	 	 	 	 
2565	129	300	254	0.679	0.424	599.632	4.771	0	311	283	0.385	0.443	601.354	4.851	0	9	306	268	 	 	 	 	 
2585	130	291	248	0.679	0.424	599.632	4.862	0	318	290	0.385	0.443	601.354	4.864	0	9	306	268	 	 	 	 	 
2605	131	303	256	0.679	0.424	599.632	4.903	0	315	297	0.385	0.443	601.354	4.832	0	9	306	268	 	 	 	 	 
2625	132	300	235	0.679	0.424	599.632	4.849	0	309	287	0.385	0.443	601.354	4.879	0	9	306	268	 	 	 	 	 
2645	133	299	235	0.679	0.424	598.896	4.906	0	311	291	0.385	0.443	601.938	4.884	0	9	306	268	 	 	 	 	 
2665	134	314	243	0.679	0.424	598.897	4.913	0	312	278	0.385	0.443	601.938	4.887	0	9	306	268	 	 	 	 	 
2685	135	302	247	0.679	0.424	598.897	4.909	0	296	281	0.385	0.443	601.938	4.920	0	9	306	268	 	 	 	 	 
2705	136	310	273	0.679	0.424	598.897	4.906	0	313	280	0.385	0.443	601.938	4.919	0	9	306	268	 	 	 	 	 
2724	137	307	276	0.679	0.424	598.897	4.887	0	314	289	0.385	0.443	601.938	4.935	0	9	306	268	 	 	 	 	 
2744	138	299	281	0.679	0.424	601.111	4.899	0	310	291	0.385	0.443	601.900	4.955	0	9	306	268	 	 	 	 	 
2764	139	305	251	0.679	0.423	601.112	5.000	0	317	277	0.385	0.442	601.900	4.961	0	9	306	268	 	 	 	 	 
2784	140	305	261	0.680	0.423	601.112	5.001	0	313	280	0.385	0.442	601.900	4.951	0	9	306	268	 	 	 	 	 
2804	141	291	252	0.680	0.423	601.111	4.954	0	307	262	0.385	0.442	601.900	4.932	0	9	306	268	 	 	 	 	 
2824	142	298	258	0.680	0.422	601.111	4.900	0	305	286	0.385	0.441	601.900	4.909	0	9	306	268	 	 	 	 	 
2844	143	296	267	0.680	0.422	599.152	4.865	0	300	284	0.385	0.441	601.899	4.895	0	9	306	268	 	 	 	 	 
2864	144	307	263	0.681	0.422	599.153	4.789	0	307	257	0.386	0.441	601.899	4.894	0	9	306	268	 	 	 	 	 
2884	145	306	257	0.681	0.422	599.153	4.804	0	307	272	0.386	0.440	601.899	4.866	0	9	306	268	 	 	 	 	 
2904	146	318	259	0.681	0.421	599.153	4.815	0	300	245	0.387	0.440	601.899	4.812	0	9	306	268	 	 	 	 	 
2924	147	394	210	0.681	0.421	599.154	4.731	0	379	206	0.387	0.439	601.900	4.825	0	 	 	 	 	 	 	 	 
2944	148	403	199	0.681	0.421	600.169	4.744	0	384	207	0.387	0.439	600.438	4.781	0	 	 	 	 	 	 	 	 
2964	149	381	178	0.682	0.421	600.169	4.689	0	390	196	0.388	0.439	600.438	4.722	0	 	 	 	 	 	 	 	 
2984	150	375	195	0.683	0.421	600.169	4.697	0	382	192	0.388	0.439	600.438	4.667	0	 	 	 	 	 	 	 	 
3004	151	381	91	0.683	0.420	600.169	4.677	0	403	111	0.389	0.438	600.438	4.767	0	 	 	 	 	 	 	 	 
3023	152	394	11	0.683	0.419	600.169	4.697	0	420	18	0.390	0.437	600.438	4.725	0	10	403	10	 	 	 	 	 
3043	153	397	-4	0.684	0.419	595.659	4.663	0	426	-10	0.390	0.437	597.850	4.704	0	10	403	10	 	 	 	 	 
3063	154	392	20	0.684	0.419	595.659	4.711	0	411	12	0.391	0.437	597.849	4.757	0	10	403	10	 	 	 	 	 
3083	155	399	13	0.685	0.420	595.659	4.699	0	399	9	0.391	0.437	597.849	4.759	0	10	403	10	 	 	 	 	 
3103	156	395	23	0.685	0.420	595.659	4.655	0	410	14	0.391	0.437	597.849	4.707	0	10	403	10	 	 	 	 	 
3123	157	386	16	0.685	0.420	595.659	4.704	0	413	-6	0.391	0.437	597.849	4.780	0	10	403	10	 	 	 	 	 
3143	158	387	10	0.685	0.419	596.880	4.695	0	410	-9	0.391	0.437	598.021	4.772	0	10	403	10	 	 	 	 	 
3163	159	395	30	0.685	0.419	596.880	4.673	0	399	16	0.391	0.437	598.021	4.712	0	10	403	10	 	 	 	 	 
3183	160	402	28	0.685	0.419	596.880	4.685	0	409	17	0.391	0.436	598.021	4.743	0	10	403	10	 	 	 	 	 
3203	161	396	29	0.685	0.418	596.880	4.740	0	401	10	0.391	0.436	598.021	4.759	0	10	403	10	 	 	 	 	 
3223	162	414	0	0.685	0.418	596.880	4.759	0	405	9	0.391	0.435	598.021	4.759	0	10	403	10	 	 	 	 	 
3243	163	419	0	0.683	0.416	595.834	4.777	0	409	8	0.390	0.434	597.742	4.781	0	10	403	10	 	 	 	 	 
3263	164	525	-81	0.683	0.416	595.836	4.717	0	525	-82	0.389	0.433	597.744	4.767	0	11	530	-72	 	 	 	 	 
3283	165	526	-79	0.682	0.416	595.836	4.860	0	542	-69	0.389	0.433	597.744	4.785	0	11	530	-72	 	 	 	 	 
3303	166	527	-74	0.682	0.415	595.836	4.760	0	532	-72	0.389	0.433	597.744	4.788	0	11	530	-72	 	 	 	 	 
3322	167	523	-80	0.682	0.416	595.836	4.751	0	541	-68	0.388	0.433	597.744	4.809	0	11	530	-72	 	 	 	 	 
3342	168	523	-78	0.682	0.416	596.005	4.801	0	549	-63	0.388	0.434	598.085	4.825	0	11	530	-72	 	 	 	 	 
3362	169	533	-78	0.681	0.417	596.006	4.744	0	536	-75	0.388	0.434	598.085	4.757	0	11	530	-72	 	 	 	 	 
3382	170	520	-58	0.681	0.417	596.005	4.793	0	527	-84	0.387	0.435	598.085	4.835	0	11	530	-72	 	 	 	 	 
3402	171	523	-83	0.681	0.417	596.005	4.810	0	530	-73	0.387	0.435	598.085	4.833	0	11	530	-72	 	 	 	 	 
3422	172	535	-67	0.681	0.417	596.006	4.778	0	529	-63	0.387	0.435	598.085	4.867	0	11	530	-72	 	 	 	 	 
3442	173	528	-75	0.681	0.419	599.226	4.835	0	524	-70	0.387	0.437	599.650	4.927	0	11	530	-72	 	 	 	 	 
3462	174	504	227	0.681	0.421	599.225	4.780	0	489	231	0.388	0.438	599.650	4.853	0	12	485	229	 	 	 	 	 
3482	175	487	228	0.681	0.420	599.225	4.874	0	485	255	0.387	0.438	599.650	4.851	0	12	485	229	 	 	 	 	 
3502	176	501	218	0.681	0.420	599.225	4.883	0	491	255	0.387	0.438	599.650	4.916	0	12	485	229	 	 	 	 	 
3522	177	485	204	0.681	0.420	599.225	4.899	0	481	244	0.387	0.438	599.649	4.868	0	12	485	229	 	 	 	 	 
3542	178	478	193	0.681	0.420	601.803	4.978	0	478	249	0.387	0.438	602.377	4.906	0	12	485	229	 	 	 	 	 
3562	179	501	218	0.682	0.420	601.803	4.857	0	485	244	0.387	0.438	602.377	4.933	0	12	485	229	 	 	 	 	 
3582	180	484	213	0.682	0.421	601.803	4.925	0	481	237	0.388	0.438	602.377	4.941	0	12	485	229	 	 	 	 	 
3602	181	495	228	0.682	0.421	601.803	4.882	0	481	231	0.388	0.438	602.377	4.943	0	12	485	229	 	 	 	 	 
3621	182	492	216	0.683	0.421	601.803	4.932	0	476	249	0.388	0.438	602.377	4.946	0	12	485	229	 	 	 	 	 
3641	183	485	215	0.682	0.423	602.760	4.969	0	473	240	0.388	0.440	603.955	4.964	0	12	485	229	 	 	 	 	 
3661	184	527	618	0.682	0.427	602.761	5.055	0	493	630	0.389	0.443	603.956	5.103	0	 	 	 	 	 	 	 	 
3681	185	564	749	0.682	0.428	602.761	5.129	0	520	773	0.389	0.445	603.956	5.125	0	 	 	 	 	 	 	 	 
3701	186	552	737	0.682	0.429	602.761	5.022	0	530	782	0.389	0.445	603.956	5.031	0	 	 	 	 	 	 	 	 
3721	187	559	752	0.682	0.429	602.761	5.035	0	535	807	0.389	0.445	603.956	5.032	0	 	 	 	 	 	 	 	 
3741	188	578	828	0.682	0.428	601.889	5.036	0	555	900	0.388	0.445	601.234	4.992	0	 	 	 	 	 	 	 	 
3761	189	552	758	0.682	0.428	601.888	5.035	0	532	797	0.388	0.445	601.234	5.025	0	 	 	 	 	 	 	 	 
3781	190	550	754	0.682	0.428	601.888	5.003	0	543	798	0.388	0.445	601.234	5.012	0	 	 	 	 	 	 	 	 
3801	191	553	744	0.682	0.428	601.888	5.031	0	538	798	0.387	0.445	601.234	5.018	0	 	 	 	 	 	 	 	 
3821	192	567	846	0.681	0.429	601.889	5.055	0	540	863	0.387	0.446	601.234	5.052	0	 	 	 	 	 	 	 	 
3841	193	642	997	0.681	0.429	599.607	5.029	0	544	862	0.387	0.446	608.018	5.104	0	13	601	946	 	 	 	 	 
3861	194	645	1000	0.681	0.429	599.607	4.936	0	550	910	0.387	0.446	608.019	5.038	0	13	601	946	 	 	 	 	 
3881	195	643	998	0.680	0.430	599.607	4.947	0	562	893	0.386	0.446	608.019	4.995	0	13	601	946	 	 	 	 	 
3901	196	644	1003	0.680	0.430	599.607	4.883	0	557	882	0.386	0.446	608.019	4.972	0	13	601	946	 	 	 	 	 
3921	197	641	998	0.680	0.430	599.607	4.918	0	561	889	0.385	0.446	608.019	4.965	0	13	601	946	 	 	 	 	 
3940	198	640	998	0.679	0.430	599.919	4.908	0	568	886	0.385	0.447	597.950	4.853	0	13	601	946	 	 	 	 	 
3960	199	643	999	0.679	0.430	599.919	4.900	0	556	906	0.384	0.447	597.950	4.864	0	13	601	946	 	 	 	 	 
3980	200	557	744	0.679	0.428	599.919	4.875	0	539	773	0.385	0.445	597.950	4.914	0	 	 	 	 	 	 	 	 