GazePointX	GazePointY	RecordingTimestamp	Duration
852.25	362.4375	53	53
854.13635	362.63635	133	73
856.04	360.44	223	83
856.26666	359.56668	306	100
861.62067	357.3793	406	96
725.8	123.4	556	50
729.5	133.08333	606	80
569.0714	78.89286	713	93
573.0952	85.52381	806	70
659.3	74.666664	906	100
656.0333	80.0	1006	100
655.4706	80.94118	1106	56
693.03845	85.65385	1206	86
674.6	84.666664	1306	100
668.0	84.833336	1406	100
664.93335	85.03333	1506	100
665.13336	84.933334	1606	50
719.0625	85.5	1706	53
718.4667	84.566666	1806	100
722.0	85.29032	1906	103
799.2308	94.30769	2109	43
800.2222	90.44444	2249	60
799.6667	88.611115	2309	60
902.13336	71.76667	2509	100
900.6667	71.0	2609	60
900.0	72.0	2709	56
897.3333	72.933334	2809	100
942.13043	72.13043	2932	77
940.9	75.0	3009	100
941.5	75.73333	3109	100
943.1	75.6	3209	100
944.6316	73.8421	3309	63
976.375	82.875	3652	53
977.04	80.04	4009	83
548.8889	102.07407	4209	90
567.0	118.28571	4465	47
565.1429	112.78571	4625	47
575.4	116.86667	4712	50
573.7	115.1	4912	66
666.5	115.75	5249	53
667.7895	113.47369	5412	63
800.2308	120.23077	6559	43
852.95	117.6	6745	67
852.3333	119.5	6812	100
851.2222	118.85185	6912	89
897.5161	116.3871	7012	103
900.5333	117.4	7115	100
899.6667	120.4	7215	100
900.25	120.625	7315	53
937.9231	119.84615	7372	43
936.76666	122.566666	7415	100
934.9	124.65	7515	66
984.2857	124.42857	7668	47
985.2	121.96667	7715	100
1045.25	134.3125	8342	53
1044.8125	131.9375	8515	53
1079.2941	131.35294	8658	57
1076.3889	132.72223	8715	60
1107.6	129.96	8928	83
1108.7333	131.73334	9015	100
1160.4333	127.9	9215	100
1160.5	125.9	9315	100
1158.2333	124.7	9415	100
1148.1666	126.86667	9515	100
1148.5	126.13333	9615	100
1146.9231	126.92308	9715	43
1219.3572	123.71429	9771	47
1219.3667	126.066666	9818	100
1216.8667	126.23333	9918	100
1217.1333	128.06667	10018	100
1218.4	126.53333	10118	100
1236.0667	124.933334	10218	100
1236.7333	125.066666	10318	100
1238.4	124.066666	10418	100
1260.0	119.4	10518	100
1261.3684	119.8421	10618	63
1292.4762	118.57143	10718	70
1292.5667	120.8	10818	100
1291.4333	124.6	10918	100
1291.6364	126.318184	11045	73
1343.9667	122.4	11218	100
1345.5333	122.566666	11318	100
1346.0333	122.2	11418	100
1344.6666	119.933334	11518	50
1302.1538	124.30769	11575	43
1298.2258	122.58064	11618	103
1295.5264	122.63158	11721	63
1348.8077	127.42308	11835	86
1347.9	129.33333	11921	100
1348.4667	127.2	12021	100
1375.6666	126.42857	12151	70
1373.9	128.6	12221	100
1370.0741	125.92593	12321	90
1370.6333	124.3	12421	100
664.46155	143.53847	12578	43
669.5	146.2	12621	100
670.06665	145.33333	12721	100
554.8261	139.82608	12844	77
556.8333	140.4	12921	100
551.8	142.2	13021	100
547.86664	142.16667	13121	100
610.5	146.0	13268	53
609.1667	147.33333	13321	100
612.0	148.04	13438	83
661.7368	148.8421	13558	63
662.1667	149.4	13621	100
665.5357	151.53572	13721	93
664.93335	152.4	13821	50
680.8421	147.26315	13958	63
682.0	152.0	14021	100
681.3158	149.63158	14121	63
746.0645	150.83871	14221	103
792.23334	153.23334	14624	100
819.95654	154.60869	14747	77
821.26666	154.33333	14824	50
819.7857	154.57143	14877	47
787.3571	155.85715	14937	47
835.2143	148.92857	15261	46
832.4375	155.6875	15324	53
833.0	152.84616	15381	43
830.06665	154.1	15424	100
831.1	154.8	15524	100
829.36664	156.6	15624	100
832.23334	157.26666	15724	100
881.0	159.28	15841	83
885.35	158.05	15924	66
886.05554	156.27777	16024	60
909.3333	156.13333	16124	100
909.5806	158.3871	16224	103
910.2	156.26666	16327	50
950.3	164.83333	16427	100
950.6786	166.67857	16527	93
1098.7333	152.5	17427	100
1097.1305	151.21739	17527	76
1130.4667	150.5	17627	100
1128.7667	154.0	17727	100
1181.5	152.21428	17860	47
1181.3462	156.84616	17940	87
1218.579	156.78947	18064	63
1217.8	156.0	18127	100
1217.1666	156.41667	18227	80
1248.9333	157.56667	18327	100
1302.7142	158.4762	18930	70
1332.2667	158.8	19030	100
1332.6666	162.0	19130	50
1333.4286	161.28572	19183	47
1334.9333	157.26666	19230	100
1365.3928	161.21428	19337	93
1365.1666	160.4	19430	100
1367.1	157.46666	19530	100
1367.32	155.52	19630	83
538.1539	158.53847	19787	43
539.34485	158.27586	19830	96
539.63336	159.4	19930	100
573.88464	165.38461	20043	87
572.56665	165.36667	20130	100
572.55554	166.61111	20230	60
615.9667	164.23334	20330	100
617.06665	165.93333	20430	100
618.1667	167.56667	20530	100
620.9667	168.86667	20630	100
622.06665	169.8	20730	100
687.3125	175.875	20876	54
687.1539	173.15384	20930	43
686.375	170.875	20976	54
686.8	166.56667	21030	100
686.1613	168.70967	21130	103
715.23334	166.43333	21333	100
715.73334	167.0	21433	100
716.1	165.43333	21533	100
708.2	167.3	21633	100
711.23334	166.33333	21733	100
712.3684	166.36842	21850	63
739.56665	171.5	21933	100
739.7692	174.23077	22046	87
740.86664	173.56667	22133	100
784.04346	172.34782	22256	77
785.0714	171.14285	22373	46
785.4706	169.29411	22440	56
744.6	167.86667	22533	100
743.375	171.875	22633	80
744.17645	171.58824	22733	56
775.619	170.14285	23050	69
775.13336	171.53334	23133	50
800.6111	167.94444	23233	60
843.56665	169.46666	23436	100
841.7778	173.33333	23536	90
873.4	175.16667	23636	100
874.8333	175.56667	23736	100
878.3333	176.03703	23846	90
944.8	181.33333	23986	50
943.73334	180.76666	24136	100
1052.5385	173.0	24693	43
1051.7693	172.15384	24736	43
1052.3334	171.8	24786	50
1051.381	175.04762	24836	70
1078.7333	175.8	24936	50
1078.875	175.5625	25043	53
1079.7894	175.63158	25136	63
1098.0	177.375	25283	53
1098.0322	176.3871	25336	103
1096.6428	176.35715	25439	47
1133.5714	178.14285	25493	46
1133.4667	175.83333	25539	100
1132.4333	175.8	25639	100
1129.8667	175.6	25739	100
1129.6	176.1	25839	100
1128.9667	177.83333	25939	100
1186.4286	178.78572	26092	47
1186.5	177.36667	26139	100
1185.6296	177.14815	26239	90
1185.7693	175.3077	26352	87
1186.4333	172.56667	26439	100
1186.4	174.7	26539	100
1185.6666	176.86667	26639	50
1262.8	171.56667	26739	100
1262.9	172.36667	26839	100
1263.8667	170.36667	26939	100
1262.6666	169.13333	27139	100
1323.3	173.75	27272	67
1322.1428	173.0	27439	70
1322.6666	171.61905	27562	70
1313.4667	164.93333	27662	50
1311.2333	164.96666	27739	100
1311.9	167.3	27839	100
1317.7	169.7	27939	100
1322.0	167.83871	28039	103
1321.8334	169.56667	28142	100
1336.2609	172.08696	28265	77
1343.9333	178.53334	28342	100
1343.2	176.16667	28442	100
1345.0667	182.03334	28542	100
1345.3	179.86667	28642	100
1375.1333	179.96666	28842	100
1374.4584	179.58333	28942	80
1375.8667	179.46666	29042	50
1285.3529	171.52942	29185	57
1282.9333	166.73334	29242	100
1286.0333	165.76666	29342	100
556.3	177.1	29542	100
558.06665	179.03334	29642	100
547.1667	185.4	29742	100
548.0	185.7	29842	100
587.9545	190.86363	29969	73
588.1875	190.9375	30042	53
588.6923	188.76923	30099	43
637.8	189.45	30275	67
638.06665	189.96666	30342	100
638.0476	187.85715	30442	69
680.7143	188.35715	30542	46
680.375	190.375	30592	53
680.3	192.46666	30645	100
726.95	194.0	30778	67
728.0	195.26666	30845	100
727.6667	194.46666	30945	100
728.0455	192.77272	31045	73
746.13336	193.8	31288	50
745.5333	194.23334	31345	100
746.1667	193.86667	31445	100
744.4	191.2	31545	50
787.0769	193.61539	31602	43
787.86664	193.33333	31645	100
787.4667	193.73334	31745	100
789.2963	194.0	31845	90
791.9667	192.43333	31945	100
792.8148	190.77777	32045	90
833.2	193.33333	32145	100
832.6	195.86667	32245	100
833.8947	196.73685	32345	63
877.3913	194.30435	32472	76
879.6	193.26666	32548	100
877.5	194.3	32648	100
878.76666	194.46666	32748	100
877.4762	193.57143	32848	70
930.0333	197.7	32948	100
928.56665	199.4	33048	100
927.8	198.06667	33148	100
929.1053	194.52632	33248	63
991.63336	187.6	33348	100
989.93335	187.03334	33448	100
968.3333	189.23334	33548	100
968.1667	189.9	33648	100
966.63336	187.96666	33748	100
994.2692	188.53847	33861	87
992.9231	190.3077	33948	43
991.0	189.375	33995	53
993.36664	189.83333	34048	100
996.2778	191.66667	34148	60
996.93335	194.76666	34248	100
996.4	194.33333	34348	100
994.9	193.16667	34448	100
994.1667	193.3	34548	100
991.56665	193.16667	34648	100
991.26666	191.1	34748	100
991.7692	190.61539	34848	43
650.6539	212.73077	34965	86
649.5357	212.39285	35051	93
572.61536	215.6923	35158	43
570.2	213.23334	35251	100
570.8333	213.46666	35351	100
571.9667	215.56667	35451	100
574.9167	217.04167	35551	80
623.3684	217.10527	35668	63
624.3333	218.5	35751	100
625.1429	216.95238	35851	70
682.06665	215.6	35951	100
680.5333	215.83333	36051	100
623.875	214.125	36158	53
625.26666	214.86667	36251	100
626.0	218.23334	36351	100
698.2941	215.17647	36494	57
698.6316	216.1579	36551	63
698.84	213.04	36651	83
749.95	216.05	36784	67
749.96295	212.51852	36861	90
751.1053	213.36842	36951	63
794.3333	216.8	37051	100
795.1111	218.05556	37151	60
750.6667	213.5	37251	100
750.1613	211.35484	37351	103
803.1875	213.0625	37501	53
803.61536	212.11539	37554	86
846.05	221.1	37787	67
850.9231	221.84616	37854	43
869.8125	222.9375	37901	53
870.43335	222.96666	37954	100
870.0	223.66667	38054	100
869.2	223.83333	38154	100
869.1667	224.16667	38254	100
868.9	224.46666	38354	100
869.2857	225.14285	38454	46
934.2308	227.76923	38511	43
937.4	225.76666	38554	100
939.4545	224.95454	38781	73
940.36664	224.66667	38854	100
939.1539	224.76923	38954	43
942.5	227.1875	39054	53
940.7368	228.73685	39154	63
941.7273	227.36363	39254	73
939.5	230.1923	39367	87
938.8	226.53334	39454	100
654.06665	236.0	39604	50
612.6818	236.86363	39781	73
609.4	240.0	39954	100
604.3871	241.6129	40054	103
606.63635	242.13637	40157	73
605.2	244.0	40257	100
605.8	247.0	40357	50
661.73334	243.9	40457	100
661.7	245.3	40557	100
661.56665	241.9	40657	100
661.1	243.33333	40757	100
705.8571	243.61905	40887	70
706.7	242.3	40957	100
727.9474	241.10527	41194	63
727.36664	242.4	41257	100
726.4	242.33333	41357	100
727.2	241.86667	41457	50
784.6923	242.07692	41514	43
786.43335	244.73334	41557	100
786.1667	243.8	41657	100
787.2	241.26666	41757	100
786.8333	240.53334	41857	100
785.70966	242.19354	41957	103
787.7857	243.0	42060	47
826.86365	253.04546	42160	73
826.5333	256.7	42260	100
829.1111	254.03703	42360	90
866.0741	254.14815	42460	90
866.93335	255.06667	42560	100
865.7	253.63333	42660	100
914.5789	253.21053	42797	63
916.7	252.5	42860	100
916.2963	250.44444	42960	90
948.46155	251.15384	43060	43
950.75	241.5625	43107	53
951.38464	241.57692	43160	86
976.381	244.90475	43290	70
977.06665	245.23334	43360	100
976.86664	245.26666	43460	100
977.1429	245.85715	43560	70
1025.7	243.53334	43760	100
1035.5714	246.09525	43890	70
1037.3704	246.14815	43960	90
1088.1333	253.8	44060	100
1091.5667	252.6	44160	100
1091.3549	252.67741	44260	103
1081.7667	252.53334	44363	100
1080.8334	252.06667	44463	100
1080.6666	253.13333	44563	100
1097.5667	256.4	44663	100
1137.1428	259.7143	44816	47
1136.7667	260.33334	44863	100
1139.8	258.06668	44963	100
1140.3667	255.5	45063	100
1141.5667	253.16667	45163	100
1142.3572	254.5	45263	46
1198.0714	258.64285	45316	47
1199.7333	257.9	45363	100
1202.5333	260.23334	45463	100
1235.6154	258.3846	45620	43
1232.8	257.23334	45663	100
1229.875	258.0625	45763	53
1230.3077	256.15384	45820	43
1296.0	258.51852	45873	90
1298.2333	258.1	45963	100
1297.2858	258.92856	46063	93
1296.7667	260.3	46163	100
1298.8823	260.17648	46296	57
1359.8462	262.15384	46363	43
1366.0	262.8125	46410	53
1365.2	263.56668	46463	100
1363.2307	265.53845	46563	43
1381.0667	261.73334	46663	100
1382.1666	263.36667	46763	100
628.8333	271.3	46966	100
598.0	268.375	47113	53
599.5	268.2	47166	100
598.1053	269.57895	47303	63
599.125	271.25	47366	80
629.56665	269.83334	47466	100
632.625	269.6875	47566	53
631.38464	268.84616	47623	43
634.0769	269.6154	47696	43
677.56665	270.43332	47766	100
676.23334	268.43332	47866	100
705.8823	268.11765	47996	56
706.61536	267.69232	48066	43
706.125	268.375	48113	53
704.73334	267.46667	48166	50
750.8461	265.69232	48223	43
753.1	267.06668	48266	100
752.8333	269.16666	48366	60
755.1818	271.68182	48466	73
817.17645	266.82352	48679	57
817.1111	280.07407	48766	90
819.26666	277.16666	48866	100
885.2174	282.17392	48989	77
889.26666	282.83334	49066	100
888.2	280.96667	49166	100
888.6923	280.23077	49266	43
945.9	273.66666	49366	100
944.76666	270.73334	49466	100
989.0357	274.07144	49576	93
990.95654	272.73914	49792	77
990.06665	273.63333	49869	100
991.5	272.9	49969	100
991.3077	271.84616	50069	86
1062.6666	274.9	50169	100
1065.1666	278.0	50269	100
1066.4706	278.70587	50369	56
1096.5	278.4375	50469	53
1096.9231	276.07693	50526	43
1097.25	278.6875	50569	53
1169.3	281.96667	50769	100
1168.1666	279.26666	50869	100
1196.7778	275.96295	50979	90
1198.3334	275.43332	51069	100
1198.1852	273.22223	51179	90
1214.0	276.53333	51269	100
1221.48	280.8	51386	83
1189.4584	280.625	51486	79
1247.7273	280.95456	51599	73
1248.0769	280.96155	51672	87
1257.1333	280.83334	51772	100
1267.9	284.65	51895	67
1323.5333	279.73334	51972	50
1331.2858	289.85715	52025	47
1329.6428	288.64285	52079	93
1330.6333	288.5	52172	100
1329.2963	289.22223	52272	90
1371.0869	284.6087	52395	77
1370.9667	284.9	52472	100
1369.75	284.875	52572	53
674.4074	287.7037	52682	90
675.6429	290.7857	52772	46
595.26666	290.9	52872	100
597.7407	290.14816	52982	90
599.1667	289.16666	53072	100
598.4667	287.53333	53172	50
650.13336	285.16666	53272	100
651.1579	286.10526	53372	63
685.13336	283.16666	53472	100
687.26666	284.0	53572	50
722.3077	284.0	53629	43
722.125	282.375	53672	53
721.3077	285.53845	53729	43
720.9355	281.2258	53772	103
721.7059	280.2353	53919	56
722.5	281.76923	53975	86
767.3333	281.8	54075	100
764.9	280.16666	54175	100
838.2	292.7	54408	67
837.36664	291.2	54475	100
834.8333	291.83334	54575	100
912.56	296.64	54692	83
912.0	297.16666	54775	100
964.3125	281.5625	54922	53
964.6667	282.16666	54975	100
963.76666	285.16666	55075	100
963.619	285.2381	55205	70
1007.32	289.24	55292	83
1007.36365	289.04544	55375	73
1047.037	293.14816	55475	90
627.0	300.95	55608	67
601.43475	301.56522	55798	77
605.2857	301.42856	55902	46
603.05554	299.72223	55975	60
635.9667	299.26666	56075	100
673.36664	295.9	56275	100
671.46155	293.65384	56391	87
672.3333	294.06668	56478	50
638.23334	295.43332	56578	100
704.08	293.72	56695	83
705.26086	291.78262	56801	77
738.3461	292.26923	56891	87
737.7	291.0	56978	100
739.2857	291.2381	57078	70
797.85	293.45	57211	67
798.6667	294.13333	57278	100
798.1	294.46667	57378	100
797.86664	296.43332	57478	100
799.4737	297.3684	57615	63
800.3333	300.0	57678	100
869.8571	308.7857	57785	93
870.8947	313.8421	57915	63
877.9667	313.33334	57978	100
891.26666	314.5	58078	100
892.6316	312.21054	58215	63
893.875	314.54166	58278	80
934.7727	299.9091	58405	73
933.93335	301.4	58478	100
882.2941	305.70587	58621	57
879.2308	314.76923	58678	43
881.75	312.875	58724	54
881.36	314.56	58778	83
945.2105	302.1579	58918	63
945.86664	302.83334	58981	100
946.1	302.43332	59081	100
985.7619	308.38095	59211	70
985.63336	308.4	59281	100
986.3333	308.94446	59381	60
1037.2667	314.7	59481	100
1037.7142	312.2857	59581	70
1070.1875	316.375	59681	53
1071.3846	313.6154	59738	43
1072.0476	315.2381	59781	70
1105.0	312.43332	59881	100
1105.6	313.2	59981	100
1105.619	312.4762	60081	70
1163.3462	313.65384	60194	87
1164.3846	316.0	60281	43
1164.0	313.875	60328	53
1180.1	314.9	60381	100
1194.6666	314.93332	60481	100
1234.8422	314.6842	60608	63
1231.7333	314.0	60781	100
1233.2174	314.73914	60881	76
1288.0	314.4	60984	100
1290.2307	315.73077	61084	87
1289.8422	313.57895	61221	63
1343.6428	323.7857	61338	46
1341.08	324.6	61384	83
575.2	329.53333	61584	100
577.4545	326.0	61684	73
603.6	330.36667	61784	100
605.36664	329.8	61884	100
613.8	324.3	61984	100
616.43335	324.06668	62084	100
616.1111	323.05554	62184	60
679.43335	314.93332	62284	100
700.6667	316.33334	62484	100
699.7222	314.83334	62584	60
738.45	315.8	62717	67
738.3333	316.3	62784	100
738.4	316.63333	62884	100
810.4	315.46667	63034	50
811.9	315.13333	63084	100
812.6923	316.0	63244	43
812.5	313.9	63287	100
833.2222	328.22223	63427	60
836.43475	330.6087	63487	77
889.7	331.76666	63587	100
890.1667	331.79166	63687	80
1003.2857	323.42856	63794	93
1002.5	324.33334	63887	100
1003.3889	322.8889	63987	60
1036.0333	324.06668	64087	100
1035.2	325.26666	64187	100
1099.0588	324.94116	64330	57
1098.9445	326.22223	64387	60
1098.65	325.6	64487	66
1174.9667	328.13333	64587	100
1173.4	330.23334	64687	100
1175.4	329.6	64787	100
1193.25	331.8125	64934	53
1193.238	331.7143	65017	70
1193.3077	330.84616	65087	43
1193.2941	328.52942	65187	56
1255.3125	328.3125	65287	53
1253.6923	329.15384	65344	43
1286.4706	325.82352	65630	57
1326.7858	345.85715	65843	47
1326.84	342.88	65890	83
1354.2	339.83334	66090	100
1353.0	342.44446	66190	60
1367.2	343.08	66307	83
1368.44	343.0	66390	83
613.86664	336.13333	66540	50
618.6087	334.34784	66613	77
620.76666	332.9	66690	100
620.36664	333.0	66790	100
648.0526	336.05264	66927	63
648.56665	338.0	66990	100
649.76666	335.66666	67090	100
668.55	337.15	67223	67
666.9667	333.86667	67290	100
666.26666	336.0	67390	100
669.56665	337.1	67490	100
710.7059	340.58823	67633	57
708.9	340.06668	67690	100
707.3333	340.16666	67790	60
752.1	336.26666	67890	100
752.6087	337.82608	67990	76
779.56	339.04	68090	83
781.6	339.86667	68190	100
815.0	337.0909	68317	73
815.13336	340.36667	68390	100
813.7	337.9	68526	67
859.7778	350.3889	68633	60
858.6667	351.9	68693	100
857.4667	350.26666	68793	100
914.5	344.3125	68940	53
916.9667	337.7	68993	100
966.95	338.4	69126	67
967.5	337.26666	69193	100
967.9	340.4	69293	100
950.5	341.42856	69393	93
949.3	341.8	69493	100
949.5	341.33334	69593	60
1042.0714	346.92856	69693	93
1071.0	335.76923	69950	43
1075.8334	340.66666	69993	100
1094.3	348.03333	70093	100
1093.9032	345.19354	70193	103
1093.7222	345.77777	70296	60
1151.0333	351.4	70396	100
1151.5714	353.35715	70550	46
1150.3	353.8	70596	100
1177.75	353.9375	70743	53
1178.2	354.5	70929	67
1240.8667	351.4	71096	100
1324.3572	358.35715	71419	47
1325.375	359.29166	71496	80
1355.0769	362.30768	71603	43
1350.6154	358.46155	71696	43
969.8823	351.64706	71839	57
968.4	353.56668	71896	100
968.0909	352.86365	71996	73
664.1177	357.05884	72139	57
664.7	359.56668	72196	100
663.619	357.9524	72296	70
663.4667	355.13333	72396	50
834.6087	373.30435	72519	77
835.1667	373.1	72596	100
833.9677	372.64517	72696	103
896.8	371.33334	72849	50
895.96295	370.7037	72899	90
898.43475	369.91306	72999	77
925.5	356.10715	73106	93
926.0	358.1111	73199	60
1030.5667	363.5	73299	100
1031.2	362.4	73399	100
1031.6333	362.13333	73499	100
1154.1333	364.33334	73699	100
1153.9333	364.93332	73799	50
1189.3846	366.96155	73912	87
1188.0	368.0625	73999	53
1188.4348	368.78262	74106	76
1201.5667	369.56668	74299	100
1201.7667	370.26666	74399	100
1200.5333	372.16666	74499	100
1200.25	373.07144	74606	93
1201.6	373.4	74699	100
551.86664	386.93332	74899	50
553.4286	390.0	74952	47
553.6087	388.86957	74999	76
650.625	381.625	75245	54
649.45	381.8	75299	66
650.8	380.2	75402	100
893.1818	395.54544	75729	73
893.8095	397.14285	75802	70
890.0714	398.14285	75902	46
1142.5333	395.4	76002	100
1143.0	394.8125	76149	53
1142.6333	395.13333	76202	100
1097.5883	387.64706	76315	57
1097.6111	390.22223	76402	60
1042.174	385.43478	76525	77
1040.76	387.08	76619	83
1041.2667	385.3	76702	100
1041.6072	384.9643	76802	93
1169.3077	396.69232	76915	87
1170.3572	396.64285	77009	93
1169.6666	401.8889	77142	60
1232.4375	401.5625	77242	53
1234.4615	405.53845	77359	43
1356.6111	415.3889	77512	60
1358.1	415.26666	77602	100
1327.4783	415.52173	77725	77
1323.3636	407.77274	77802	73
1325.6875	406.6875	77905	53
1327.7693	416.92307	77962	43
1329.3125	416.625	78005	53
693.2593	407.2963	78115	90
694.4667	407.66666	78205	50
693.2857	407.85715	78258	47
660.8077	409.03845	78318	87
661.3182	406.63635	78432	73
661.7778	407.66666	78505	60
737.13336	406.6	78738	50
738.5	403.63635	78805	73
738.38464	405.53845	78912	43
992.26666	408.0	79005	100
994.1818	406.68182	79112	73
1020.6	411.66666	79205	100
1021.94446	408.66666	79305	60
1236.8334	417.72223	79405	60
1240.0	416.72223	79525	60
1283.2222	415.66666	79818	90
1356.9546	422.72726	79935	73
1356.8667	431.8	80108	50
1358.3846	429.92307	80265	43
1357.9048	432.57144	80308	70
1358.5	431.42856	80425	46
569.5	432.875	80545	53
573.0769	431.53845	80608	43
574.1875	429.5625	80655	53
575.5333	433.6	80758	50
574.9286	425.0	80931	47
578.4737	429.78946	81035	63
551.7143	454.57144	81115	46
553.4667	456.56668	81208	100
668.9048	457.9524	81438	70
731.26666	446.53333	81741	50
730.125	447.375	81808	53
932.55	439.65	81941	67
931.8461	433.53845	82038	43
957.93335	440.33334	82158	50
1085.4375	456.6875	82254	54
1087.8636	459.27274	82335	73
1087.3334	455.2	82434	50
1274.0	462.4	82711	50
1340.3	479.33334	82911	100
1341.2307	481.53845	83011	43
1360.3334	483.5	83111	80
712.6429	484.92856	83411	46
712.0769	484.53845	83468	43
712.5	486.42856	83511	46
704.8214	507.0	83718	93
1049.6957	503.26086	84434	77
1051.0	504.07693	84568	43
1319.1428	521.9286	84814	46
815.13336	521.13336	85131	49
818.2353	515.8823	85557	57
665.375	562.0625	85831	53
650.0	584.36365	85941	73
648.88464	590.1923	86127	87
741.0714	589.8571	86267	47
771.05	585.85	87128	66
881.6	583.86664	87314	100
879.6667	584.0	87414	50
880.9286	584.6429	87468	46
878.619	585.4286	87544	70
944.5714	569.4286	88231	46
946.6111	569.55554	88314	60
950.7857	583.7857	88967	47
689.41174	396.88235	90617	56
762.03705	711.2963	91027	90
761.9286	704.9286	91270	47
872.8333	481.93332	91417	100
873.7647	483.35294	91560	57
876.7727	479.9091	91644	73
878.5714	477.66666	91724	69
941.38464	545.61536	92154	43
942.9474	536.5263	92217	63
869.9231	524.46155	92577	43
869.41174	520.58826	92664	56
