GazePointX	GazePointY	RecordingTimestamp	Duration
900.25	120.625	7315	53
1146.9231	126.92308	9715	43
1344.6666	119.933334	11518	50
821.26666	154.33333	14824	50
832.4375	155.6875	15324	53
1332.6666	162.0	19130	50
687.1539	173.15384	20930	43
1051.7693	172.15384	24736	43
1096.6428	176.35715	25439	47
588.1875	190.9375	30042	53
680.7143	188.35715	30542	46
744.4	191.2	31545	50
992.9231	190.3077	33948	43
850.9231	221.84616	37854	43
869.2857	225.14285	38454	46
727.2	241.86667	41457	50
948.46155	251.15384	43060	43
1142.3572	254.5	45263	46
1229.875	258.0625	45763	53
1359.8462	262.15384	46363	43
632.625	269.6875	47566	53
706.61536	267.69232	48066	43
704.73334	267.46667	48166	50
1096.5	278.4375	50469	53
1323.5333	279.73334	51972	50
687.26666	284.0	53572	50
722.125	282.375	53672	53
879.2308	314.76923	58678	43
1070.1875	316.375	59681	53
1164.3846	316.0	60281	43
1255.3125	328.3125	65287	53
551.86664	386.93332	74899	50
1325.6875	406.6875	77905	53
694.4667	407.66666	78205	50
573.0769	431.53845	80608	43
712.6429	484.92856	83411	46
879.6667	584.0	87414	50
