GazePointX	GazePointY	RecordingTimestamp	Duration
853.0455	361.81818	53	73
854.0	363.3846	133	86
858.0476	359.07144	223	279
728.0769	129.35898	556	130
570.7959	81.734695	713	163
658.8	74.51428	889	117
655.8298	80.34042	1006	156
693.0	85.78378	1169	123
672.31744	84.79365	1296	210
665.0	85.0	1506	150
719.45	85.95	1693	66
720.2917	84.97222	1769	240
799.2857	94.35714	2106	46
797.0	89.13333	2169	50
799.94446	89.52778	2249	120
901.5833	71.479164	2509	160
900.2857	71.46429	2672	93
897.7442	72.93023	2769	143
942.13043	72.13043	2932	77
942.3211	75.16514	3009	363
975.5	75.1875	3379	53
976.375	82.875	3652	53
977.04	80.04	4009	83
548.9643	101.92857	4206	93
567.0	118.28571	4465	47
565.1429	112.78571	4625	47
575.375	116.875	4709	53
573.5714	115.14286	4909	69
666.5	115.75	5249	53
667.4643	114.0	5382	93
800.2308	120.23077	6559	43
853.7	118.0	6675	67
852.1039	118.77922	6745	256
899.37384	118.42991	7012	356
937.1163	121.74419	7372	143
934.9	124.65	7515	66
984.49054	123.20755	7668	177
1045.25	134.3125	8342	53
1044.8125	131.9375	8515	53
1077.8	132.05714	8658	117
1079.0	136.0	8882	43
1107.6	129.96	8928	83
1108.7106	131.42105	9015	126
1159.7113	126.13402	9192	323
1148.0822	126.57534	9515	243
1218.3513	125.689186	9771	247
1229.3467	125.73333	10018	500
1260.5306	119.57143	10518	163
1292.1666	118.53333	10688	100
1292.1323	122.367645	10791	227
1291.2858	126.71429	11045	93
1345.1777	122.388885	11218	300
1344.6666	119.933334	11518	50
1298.2222	122.95238	11575	209
1348.3214	128.44643	11835	186
1349.3158	127.1579	12021	126
1373.0513	127.089745	12151	260
1370.6875	124.3125	12414	107
668.9054	145.2973	12578	246
555.9623	140.15094	12844	177
549.69116	141.97058	13021	226
609.98	147.14	13268	166
612.0	148.04	13438	83
663.2857	150.03896	13558	256
664.9375	152.25	13818	53
680.8421	147.26315	13958	63
681.7347	151.08163	14021	163
745.9167	151.4375	14201	159
792.2308	153.0	14607	130
820.4737	154.5	14747	127
818.0	154.52942	14877	57
787.3571	155.85715	14937	47
835.2143	148.92857	15261	46
832.1	155.2	15311	66
830.9535	153.72093	15381	143
831.19147	156.30852	15524	313
882.93335	158.73334	15841	149
886.05554	156.27777	16024	60
909.65515	156.94254	16087	290
950.6667	164.66667	16404	120
950.5517	166.65517	16524	96
1098.2188	152.65625	17420	107
1097.1305	151.21739	17527	76
1129.6571	152.18571	17614	233
1181.5	152.21428	17860	47
1181.3462	156.84616	17940	87
1217.7946	156.34247	18064	243
1248.7142	158.83333	18310	140
1303.2593	159.03703	18910	90
1332.4	159.86667	19030	150
1334.6444	158.51111	19183	150
1365.2759	160.7931	19337	193
1367.2	156.58182	19530	183
538.9762	158.35715	19787	139
539.63336	159.4	19930	100
573.02704	165.67567	20043	247
616.30304	165.16667	20310	220
620.5859	168.90909	20530	330
687.2414	174.65517	20876	97
686.375	170.875	20976	54
686.17145	167.61429	21030	233
715.4559	166.69118	21306	227
711.93616	166.44681	21533	313
712.3684	166.36842	21850	63
739.0857	171.34285	21916	117
740.8387	173.7258	22046	207
784.25	172.40625	22256	107
785.0714	171.14285	22373	46
785.4706	169.29411	22440	56
744.05554	169.64815	22533	180
744.0909	172.0	22716	73
740.1539	172.92308	22796	43
741.1429	170.5	22910	46
775.619	170.14285	23050	69
775.1177	171.23529	23126	57
800.52	168.68	23209	84
843.42426	169.33333	23426	110
841.7778	173.33333	23536	90
874.2222	175.34921	23633	209
877.2973	176.48648	23846	123
944.8	181.33333	23986	50
943.7907	180.86046	24116	143
1003.53845	170.46153	24396	43
1052.1538	172.57692	24693	86
1051.7778	173.69444	24786	120
1078.8182	175.5	24913	73
1078.875	175.5625	25043	53
1080.2667	174.66667	25099	100
1097.705	176.63934	25283	203
1133.5714	178.14285	25493	46
1130.8667	176.23334	25539	500
1186.1549	177.56339	26092	237
1186.125	173.83928	26352	187
1186.1555	175.42223	26539	150
1263.1837	171.61224	26712	327
1262.125	170.025	27106	133
1322.875	173.96875	27272	107
1322.4667	173.56667	27409	100
1322.6666	171.61905	27562	70
1313.4667	164.93333	27662	50
1313.5155	167.2371	27716	323
1321.8209	169.10448	28039	223
1341.5421	175.89157	28265	277
1345.1111	181.0	28542	210
1374.8276	179.96552	28829	193
1375.8667	179.46666	29042	50
1284.4419	167.1628	29185	287
552.3095	182.07936	29542	420
587.9545	190.86363	29969	73
588.1875	190.9375	30042	53
589.96	189.52	30099	83
634.0769	190.84616	30229	43
637.9859	189.19719	30275	236
680.7143	188.35715	30542	46
680.37036	191.72223	30592	179
727.6125	194.65	30778	267
728.0455	192.77272	31045	73
728.0714	194.35715	31122	46
746.0	192.57143	31238	47
746.13336	193.8	31288	50
745.88525	194.04918	31342	203
744.4	191.2	31545	50
788.03	193.67	31602	333
791.84375	192.4375	31938	107
792.8148	190.77777	32045	90
833.075	195.0	32142	266
833.625	196.8125	32412	53
877.3913	194.30435	32472	76
878.4054	193.92793	32548	370
929.7143	197.71428	32931	117
928.4051	197.72151	33048	263
990.6	187.72308	33331	217
967.68134	189.0	33548	303
993.8205	189.1282	33861	130
991.0	189.375	33995	53
994.4583	190.52083	34048	160
996.1386	193.97029	34211	337
992.26215	192.28156	34548	343
650.6539	212.73077	34965	86
649.5357	212.39285	35051	93
572.61536	215.6923	35158	43
570.92554	213.92554	35238	313
574.9167	217.04167	35551	80
623.3684	217.10527	35668	63
624.7679	217.92857	35734	187
682.0294	215.29411	35938	113
680.5333	215.83333	36051	100
623.875	214.125	36158	53
625.5	216.0875	36214	267
698.2941	215.17647	36494	57
698.6316	216.1579	36551	63
698.35297	212.76471	36621	113
750.2273	215.95454	36784	73
750.43475	212.86957	36861	153
794.625	217.27083	37051	160
750.775	212.2625	37224	267
803.1875	213.0625	37501	53
803.61536	212.11539	37554	86
802.2308	211.46153	37644	43
847.9697	221.39394	37787	110
870.2174	222.95653	37901	153
869.3134	224.14925	38054	446
934.2308	227.76923	38511	43
937.5	226.08824	38554	113
939.81537	224.78462	38781	216
942.5	227.1875	39054	53
940.7619	228.57143	39147	70
941.8571	227.19048	39257	70
939.125	228.23215	39367	187
653.95654	235.69565	39604	76
612.73914	237.08696	39781	76
609.6579	240.8158	39927	127
605.32074	241.83018	40054	176
605.3269	244.63461	40234	173
661.2619	244.83333	40417	140
661.835	243.48454	40557	323
706.35297	242.84314	40887	170
707.2857	241.4762	41120	70
727.1489	242.03192	41194	313
784.6923	242.07692	41514	43
786.46356	242.50331	41557	503
787.7857	243.0	42060	47
827.2917	253.04167	42153	80
827.7679	255.375	42263	187
865.9643	254.10715	42457	93
866.49274	254.24638	42560	230
916.0263	251.94737	42797	253
948.46155	251.15384	43060	43
951.1429	241.57143	43107	139
976.8148	245.16049	43290	270
977.1429	245.85715	43560	70
1026.449	243.30612	43723	163
1036.5834	246.125	43890	160
1086.7616	252.73509	44060	503
1089.4445	255.01587	44563	210
1138.0676	259.2973	44816	247
1141.2297	254.36487	45063	246
1200.5541	258.98648	45316	247
1232.6271	257.71185	45620	196
1230.3077	256.15384	45820	43
1297.1754	258.29825	45873	190
1297.2858	258.92856	46063	93
1296.7941	260.55884	46160	113
1298.8823	260.17648	46296	57
1365.4783	263.30435	46410	153
1363.2307	265.53845	46563	43
1381.5714	262.22076	46640	256
628.4516	271.41934	46963	103
598.0	268.375	47113	53
599.61536	269.02563	47170	129
598.67444	270.51163	47303	143
629.85297	269.70587	47453	113
632.625	269.6875	47566	53
632.4286	269.7619	47623	69
634.0769	269.6154	47696	43
677.087	269.3913	47763	229
705.8823	268.11765	47996	56
706.61536	267.69232	48066	43
705.4516	267.9355	48113	103
752.54095	267.39343	48223	203
754.57574	271.48486	48429	110
817.17645	266.82352	48679	57
817.2286	278.91428	48739	117
819.54285	277.42856	48859	117
885.2174	282.17392	48989	77
888.726	281.60275	49066	243
945.42645	272.44116	49339	227
988.8571	274.2857	49576	116
990.8313	273.12048	49792	277
991.3077	271.84616	50069	86
1063.9368	276.92404	50162	263
1097.6538	279.65384	50436	86
1096.9231	276.07693	50526	43
1097.25	278.6875	50569	53
1168.8529	280.25	50746	226
1196.7778	275.96295	50979	90
1198.3334	275.43332	51069	100
1207.5737	275.0	51179	203
1221.48	280.8	51386	83
1189.4584	280.625	51486	79
1247.9166	280.95834	51599	160
1257.4359	281.92307	51762	130
1267.9	284.65	51895	67
1323.5333	279.73334	51972	50
1331.2858	289.85715	52025	47
1329.8823	288.77646	52079	283
1371.0189	284.7736	52395	177
1369.75	284.875	52572	53
674.8293	288.7561	52682	136
595.3409	290.97726	52832	146
597.7407	290.14816	52982	90
598.93335	288.62222	53072	150
650.43634	285.41818	53252	183
684.8947	283.3158	53445	127
687.26666	284.0	53572	50
722.2069	283.10345	53629	96
721.2857	283.2143	53729	186
722.18604	281.16278	53919	142
765.91174	280.70587	54075	226
837.7	291.8	54408	167
835.0323	291.8387	54575	103
912.3333	296.96826	54692	209
964.54346	281.9565	54922	153
963.7105	284.89474	55075	126
963.6087	285.43478	55205	76
1007.32	289.24	55292	83
1007.2857	289.0	55378	70
1047.125	293.375	55458	107
625.875	301.0	55608	107
601.8	301.9	55798	100
605.2857	301.42856	55902	46
603.48	299.84	55952	83
635.9286	298.5476	56075	140
673.76746	295.6279	56242	143
671.7805	293.80487	56391	137
638.5625	295.6875	56578	107
704.5161	293.8387	56695	103
705.25	291.91666	56801	80
738.0	291.5893	56891	187
739.2857	291.2381	57078	70
797.9286	292.57144	57161	47
798.14545	294.72726	57211	367
800.0	298.97958	57615	163
869.9737	310.39474	57785	126
875.2245	313.5306	57915	163
891.4	313.975	58078	133
893.32556	313.51163	58215	143
934.28845	300.76923	58405	173
880.9667	309.63333	58621	100
881.5122	313.90244	58724	137
945.61224	302.57144	58918	163
946.62164	302.81082	59081	123
985.8551	308.53622	59211	230
1037.25	314.46875	59474	107
1037.7142	312.2857	59581	70
1070.5714	316.33334	59664	70
1071.7941	314.61765	59738	113
1105.2687	313.11942	59858	223
1105.619	312.4762	60081	70
1163.6923	314.43588	60194	130
1182.4606	314.69736	60328	253
1234.8422	314.6842	60608	63
1232.3438	314.28125	60744	213
1287.3055	314.8889	60964	120
1290.2307	315.73077	61084	87
1289.6364	313.18182	61221	73
1342.0	324.30768	61338	129
576.1539	328.03845	61584	173
607.2371	328.1031	61761	323
616.3125	323.6875	62084	160
679.0682	314.88635	62257	147
700.4595	315.7027	62461	123
699.7222	314.83334	62584	60
740.375	319.4375	62651	53
738.65936	316.3956	62717	303
810.4	315.46667	63034	50
811.9722	315.0	63084	120
812.7045	314.5	63244	146
835.0244	329.56097	63427	137
889.9074	331.77777	63587	180
1003.0	323.6579	63794	253
1035.7537	324.46378	64087	230
1099.0	325.6	64330	117
1098.871	326.0645	64450	103
1174.6632	329.69388	64587	326
1192.9	332.4	64934	66
1193.238	331.7143	65017	70
1193.3077	330.84616	65087	43
1193.2307	329.65384	65157	86
1255.2941	328.35294	65284	56
1253.6923	329.15384	65344	43
1254.5	329.75	65460	53
1286.4546	327.0909	65630	73
1320.0	332.5	65760	46
1326.8206	343.94873	65843	130
1326.3077	343.07693	65977	43
1353.75	340.8125	66090	160
1367.82	343.04	66307	166
613.86664	336.13333	66540	50
620.5217	333.1087	66613	307
648.3674	337.2449	66927	163
650.4359	335.6154	67090	130
667.1	335.4875	67223	267
669.5172	337.27585	67493	97
708.9385	340.23077	67633	217
752.2857	336.90475	67857	209
779.56	339.04	68090	83
781.5946	339.5946	68177	122
815.129	339.01614	68317	206
813.7	337.9	68526	67
858.31464	350.7528	68633	296
916.1087	340.0	68940	153
963.10187	339.42593	69126	360
949.25806	341.8387	69490	103
949.5	341.33334	69593	60
1040.0834	346.55554	69666	120
1074.3721	339.18604	69950	143
1094.0127	346.40506	70093	263
1150.919	350.8919	70376	123
1151.5714	353.35715	70550	46
1150.3939	353.63635	70596	110
1177.6154	353.6154	70743	86
1178.0416	354.58334	70929	80
1240.4286	351.2381	71096	140
1324.3572	358.35715	71419	47
1325.1786	359.39285	71483	93
1355.0769	362.30768	71603	43
1351.0588	359.52942	71683	56
968.6667	352.86957	71839	230
664.2206	358.44116	72139	227
663.4783	354.34784	72369	77
834.6087	373.30435	72519	77
834.33826	372.94116	72596	226
896.2619	370.92856	72849	140
898.12	369.8	72992	84
925.6957	356.8913	73106	153
1031.1333	362.67776	73299	300
1154.0652	364.52173	73696	153
1188.8572	367.38095	73912	140
1188.4348	368.78262	74106	76
1201.5807	369.9516	74292	207
1200.4828	371.9655	74502	97
1201.116	372.56522	74606	229
551.7143	387.0	74902	47
553.5405	389.2973	74952	123
649.9722	381.72223	75245	120
650.8158	381.07895	75375	127
893.48834	396.3256	75729	143
890.36365	398.63635	75875	73
1142.5333	395.4	76002	100
1142.7609	395.02173	76149	153
1097.5883	387.64706	76315	57
1097.6	389.95	76395	67
1042.174	385.43478	76525	77
1041.2289	385.7229	76619	276
1169.2593	396.37036	76915	90
1170.3572	396.64285	77009	93
1170.0	400.18518	77142	90
1232.4375	401.5625	77242	53
1234.2142	406.0	77359	46
1356.6111	415.3889	77512	60
1357.8	415.22858	77602	116
1325.4667	411.73334	77725	150
1325.1666	406.77777	77898	60
1328.6207	416.7586	77962	96
693.6905	407.42856	78115	140
692.8125	408.0	78258	53
661.1515	409.0303	78318	110
661.525	407.1	78432	133
736.5625	403.1875	78682	53
737.13336	406.6	78738	50
738.5	404.03845	78792	86
738.38464	405.53845	78912	43
991.97144	407.97144	78988	117
994.1818	406.68182	79112	73
1021.0566	410.37735	79188	177
1236.579	417.6842	79402	63
1240.0	416.72223	79525	60
1283.2222	415.66666	79818	90
1357.0358	423.2857	79935	93
1356.8667	431.8	80108	50
1358.0883	431.55884	80265	113
1358.5	431.42856	80425	46
569.5	432.875	80545	53
573.0769	431.53845	80608	43
574.0909	430.36365	80655	73
575.6316	434.42105	80758	63
574.9286	425.0	80931	47
578.4737	429.78946	81035	63
551.7143	454.57144	81115	46
553.7027	456.0811	81205	123
557.0	458.3125	81371	53
669.03845	458.03845	81438	86
730.8461	444.0	81695	43
731.26666	446.53333	81741	50
730.3158	447.26315	81798	63
932.3214	438.82144	81941	93
931.8461	433.53845	82038	43
957.9	439.95	82158	66
1085.6957	456.6087	82254	77
1087.8966	457.93103	82335	96
1087.3334	455.2	82434	50
1274.0714	462.2143	82714	47
1271.8462	464.92307	82788	43
1340.5745	479.76596	82898	156
1360.3334	483.5	83111	80
1357.7142	484.2857	83194	47
713.0	483.73685	83394	63
712.2963	485.51852	83468	89
704.8	506.0	83718	116
1049.6765	503.14706	84434	113
1051.0	504.07693	84568	43
1318.52	523.32	84777	83
1318.25	516.625	84891	53
815.13336	521.13336	85131	49
818.2353	515.8823	85557	57
665.375	562.0625	85831	53
649.5455	583.7879	85941	109
649.09375	589.09375	86127	107
741.0714	589.8571	86267	47
764.53845	580.9231	86504	43
771.05	585.85	87128	66
880.8148	583.5926	87284	180
880.9286	584.6429	87468	46
878.619	585.4286	87544	70
948.7857	566.3571	87897	47
944.5714	569.4286	88231	46
946.64703	569.58826	88317	57
950.41174	583.4706	88967	57
689.41174	396.88235	90617	56
762.03705	711.2963	91027	90
761.2381	704.4762	91270	70
873.18604	482.76746	91414	143
873.7647	483.35294	91560	57
876.913	479.91306	91644	76
878.5714	477.66666	91724	69
941.38464	545.61536	92154	43
942.6667	536.8333	92200	80
869.9231	524.46155	92577	43
869.41174	520.58826	92664	56
