GazePointX	GazePointY	RecordingTimestamp	Duration
722.2308	84.69231	1966	43
853.53845	117.84615	6692	43
1160.9231	127.84615	9215	43
1299.6154	122.69231	11618	43
908.8461	158.07692	16224	43
1097.8462	177.38461	25396	43
1311.0769	168.38461	27919	43
638.9231	189.3077	30282	43
879.8461	191.76923	32605	43
650.0769	212.92308	34968	43
794.3077	217.76923	37131	43
786.1539	242.38461	42017	43
1091.4615	251.61539	44180	43
1363.9231	263.84616	46543	43
889.61536	283.0	49106	43
720.38464	282.46155	53832	43
635.3077	297.69232	56115	43
933.0769	301.69232	58518	43
1232.3077	316.07693	60881	43
751.6923	335.6154	67930	43
1093.0769	344.6154	70253	43
835.2308	373.6154	72616	43
553.8461	389.69232	74979	43
