GazePointX	GazePointY	RecordingTimestamp	Duration
852.25	362.4375	53	53
854.13635	362.63635	133	73
857.97577	359.12866	223	279
727.65	128.24167	556	130
571.0833	82.208336	713	163
656.93463	78.53594	906	256
693.03845	85.65385	1206	86
668.1667	84.86667	1306	350
719.0625	85.5	1706	53
720.23334	84.9285	1806	203
799.2308	94.30769	2109	43
799.94446	89.52778	2249	120
901.4	71.38333	2509	160
900.0	72.0	2709	56
897.3333	72.933334	2809	100
942.45233	74.461174	2932	440
976.375	82.875	3652	53
977.04	80.04	4009	83
548.8889	102.07407	4209	90
567.0	118.28571	4465	47
565.1429	112.78571	4625	47
575.4	116.86667	4712	50
573.7	115.1	4912	66
666.5	115.75	5249	53
667.7895	113.47369	5412	63
800.2308	120.23077	6559	43
852.1685	118.65061	6745	256
899.4915	118.703026	7012	356
936.52997	122.35427	7372	209
984.74286	123.19762	7668	147
1045.25	134.3125	8342	53
1044.8125	131.9375	8515	53
1077.8416	132.03758	8658	117
1107.6	129.96	8928	83
1108.7333	131.73334	9015	100
1153.7926	126.40385	9215	543
1232.3693	124.39231	9771	910
1292.4762	118.57143	10718	70
1292.0	122.7	10818	200
1291.6364	126.318184	11045	73
1345.0499	121.77501	11218	350
1298.6354	123.1733	11575	209
1348.3915	127.98547	11835	286
1373.2135	126.98483	12151	260
1370.6333	124.3	12421	100
668.0094	145.02393	12578	243
552.83154	141.1482	12844	377
609.8334	146.66666	13268	153
612.0	148.04	13438	83
663.1464	149.92595	13558	256
664.93335	152.4	13821	50
681.3859	149.63158	13958	226
746.0645	150.83871	14221	103
792.23334	153.23334	14624	100
820.6116	154.47101	14747	127
819.7857	154.57143	14877	47
787.3571	155.85715	14937	47
835.2143	148.92857	15261	46
832.4375	155.6875	15324	53
831.1533	155.12257	15381	443
883.175	158.66501	15841	149
886.05554	156.27777	16024	60
909.70465	156.92903	16124	253
950.48926	165.75595	16427	193
1097.9319	151.8587	17427	176
1129.6167	152.25	17627	200
1181.5	152.21428	17860	47
1181.3462	156.84616	17940	87
1217.8485	156.40205	18064	243
1248.9333	157.56667	18327	100
1302.7142	158.4762	18930	70
1332.4667	160.4	19030	150
1334.1809	159.27618	19183	147
1366.2449	158.65024	19337	376
538.7494	158.40717	19787	139
539.63336	159.4	19930	100
573.00226	165.78746	20043	247
618.8466	167.28	20330	500
687.23315	174.51442	20876	97
686.4455	168.7171	20976	257
713.3	166.5	21333	500
712.3684	166.36842	21850	63
739.56665	171.5	21933	100
740.31793	173.89871	22046	187
784.04346	172.34782	22256	77
785.0714	171.14285	22373	46
785.4706	169.29411	22440	56
743.9875	169.87083	22533	180
744.17645	171.58824	22733	56
775.619	170.14285	23050	69
775.13336	171.53334	23133	50
800.6111	167.94444	23233	60
842.67224	171.4	23436	190
874.1167	175.36667	23636	200
878.3333	176.03703	23846	90
944.8	181.33333	23986	50
943.73334	180.76666	24136	100
1052.1538	172.57692	24693	86
1051.8572	173.42381	24786	120
1078.7333	175.8	24936	50
1078.875	175.5625	25043	53
1079.7894	175.63158	25136	63
1097.5583	176.70642	25283	203
1131.3175	176.55159	25493	546
1186.1862	177.76685	26092	237
1186.0673	174.86026	26352	337
1263.189	171.43335	26739	300
1262.6666	169.13333	27139	100
1323.3	173.75	27272	67
1322.1428	173.0	27439	70
1322.6666	171.61905	27562	70
1313.4667	164.93333	27662	50
1316.9333	167.87442	27739	503
1342.7522	177.7374	28265	477
1374.7959	179.775	28842	180
1375.8667	179.46666	29042	50
1284.7731	168.00981	29185	257
552.38336	181.80833	29542	400
588.07104	190.90057	29969	126
588.6923	188.76923	30099	43
637.97144	189.09126	30275	236
680.7143	188.35715	30542	46
680.3375	191.42084	30592	153
727.6655	194.12651	30778	340
746.13336	193.8	31288	50
745.3667	193.09999	31345	250
787.92664	193.67052	31602	333
792.39075	191.60556	31945	190
833.2316	195.3123	32145	263
878.1468	193.98183	32472	446
928.8763	197.42323	32948	363
976.94006	188.34668	33348	500
993.5962	189.42308	33861	130
993.54816	190.29167	33995	213
993.8575	192.92125	34248	643
650.0948	212.56181	34965	179
572.61536	215.6923	35158	43
571.9792	214.82709	35251	380
623.3684	217.10527	35668	63
624.7381	217.7262	35751	170
681.3	215.71667	35951	200
623.875	214.125	36158	53
625.6333	216.55	36251	200
698.4629	215.66718	36494	120
698.84	213.04	36651	83
749.95	216.05	36784	67
750.5341	212.94348	36861	153
794.72217	217.42778	37051	160
750.414	212.42743	37251	203
803.4014	212.58894	37501	139
848.4866	221.47308	37787	110
869.54254	223.8829	37901	599
935.8154	226.76794	38511	143
939.6584	224.79681	38781	216
942.5	227.1875	39054	53
940.7368	228.73685	39154	63
941.7273	227.36363	39254	73
939.15	228.36282	39367	187
654.06665	236.0	39604	50
612.6818	236.86363	39781	73
606.8078	241.24976	39954	276
605.5	245.5	40257	150
661.525	243.60832	40457	400
706.27856	242.95953	40887	170
727.22845	241.9263	41194	313
786.40295	242.51482	41514	593
826.86365	253.04546	42160	73
827.8222	255.36853	42260	190
866.0741	254.14815	42460	90
866.31665	254.35	42560	200
915.8584	252.05165	42797	253
948.46155	251.15384	43060	43
951.0673	241.5697	43107	139
976.86426	245.31549	43290	340
1025.7	243.53334	43760	100
1036.471	246.1217	43890	160
1087.4125	253.31583	44060	703
1139.6666	256.88016	44816	493
1200.1127	258.92538	45316	247
1232.7635	257.89346	45620	196
1230.3077	256.15384	45820	43
1297.173	258.51572	45873	283
1296.7667	260.3	46163	100
1298.8823	260.17648	46296	57
1359.8462	262.15384	46363	43
1364.8102	263.97253	46410	196
1381.6167	262.55	46663	200
628.8333	271.3	46966	100
598.75	268.2875	47113	153
598.6151	270.4145	47303	143
631.0958	269.76044	47466	153
631.38464	268.84616	47623	43
634.0769	269.6154	47696	43
676.9	269.43332	47766	200
705.8823	268.11765	47996	56
706.61536	267.69232	48066	43
705.4292	267.92084	48113	103
752.25977	267.30856	48223	203
755.1818	271.68182	48466	73
817.17645	266.82352	48679	57
817.1111	280.07407	48766	90
819.26666	277.16666	48866	100
887.8441	281.55118	48989	320
945.3334	272.2	49366	200
989.0357	274.07144	49576	93
990.9577	272.77966	49792	363
1064.768	277.20197	50169	256
1096.5	278.4375	50469	53
1097.0865	277.3822	50526	96
1168.7334	280.61667	50769	200
1197.5557	275.69812	50979	190
1206.0925	274.87778	51179	190
1221.48	280.8	51386	83
1189.4584	280.625	51486	79
1247.9021	280.95807	51599	160
1257.1333	280.83334	51772	100
1267.9	284.65	51895	67
1323.5333	279.73334	51972	50
1331.2858	289.85715	52025	47
1329.8574	288.78836	52079	283
1370.6012	284.79456	52395	230
675.02515	289.2447	52682	136
595.26666	290.9	52872	100
598.45807	288.94937	52982	240
650.6456	285.63596	53272	163
686.2	283.5833	53472	150
722.2163	283.1875	53629	96
721.1216	283.38214	53729	146
722.1029	281.00226	53919	142
766.1167	280.98334	54075	200
836.8	291.91113	54408	267
912.28	296.90332	54692	183
964.2486	282.96524	54922	253
963.619	285.2381	55205	70
1007.3418	289.1427	55292	156
1047.037	293.14816	55475	90
627.0	300.95	55608	67
601.43475	301.56522	55798	77
605.2857	301.42856	55902	46
603.05554	299.72223	55975	60
635.9667	299.26666	56075	100
673.36664	295.9	56275	100
671.89746	293.86026	56391	137
638.23334	295.43332	56578	100
704.08	293.72	56695	83
705.26086	291.78262	56801	77
738.4439	291.50244	56891	257
798.12085	294.62085	57211	367
799.9035	298.6842	57615	163
869.8571	308.7857	57785	93
880.04266	313.8918	57915	263
893.2533	313.3761	58215	143
934.353	300.65454	58405	173
880.76245	310.23755	58621	100
881.555	313.7175	58724	137
945.72577	302.47485	58918	263
985.9095	308.57513	59211	230
1037.4905	313.49286	59481	170
1070.1875	316.375	59681	53
1071.7161	314.42676	59738	113
1105.4064	312.70316	59881	270
1163.8655	314.8269	60194	130
1179.5889	314.56946	60328	253
1234.8422	314.6842	60608	63
1232.4753	314.36957	60781	176
1289.1154	315.06537	60984	187
1289.8422	313.57895	61221	63
1342.3613	324.19287	61338	129
576.3273	327.76666	61584	173
611.0622	326.31778	61784	460
679.43335	314.93332	62284	100
700.19446	315.58334	62484	160
738.3945	316.24442	62717	267
811.15	315.3	63034	150
812.5962	314.95	63244	143
834.8285	329.41547	63427	137
889.93335	331.77917	63587	180
1003.05817	323.55026	63794	253
1035.6167	324.6667	64087	200
1099.0017	325.5817	64330	117
1098.65	325.6	64487	66
1174.5889	329.32224	64587	300
1193.25	331.8125	64934	53
1193.273	331.2802	65017	113
1193.2941	328.52942	65187	56
1255.3125	328.3125	65287	53
1253.6923	329.15384	65344	43
1286.4706	325.82352	65630	57
1326.8129	344.3686	65843	130
1353.6	341.13892	66090	160
1367.82	343.03998	66307	166
613.86664	336.13333	66540	50
619.914	333.41592	66613	277
648.79535	336.5731	66927	263
667.83746	336.02917	67223	367
708.97974	340.27383	67633	217
752.3544	337.0464	67890	176
779.56	339.04	68090	83
781.6	339.86667	68190	100
815.06665	338.7288	68317	173
813.7	337.9	68526	67
858.637	350.85184	68633	260
915.73334	341.00626	68940	153
963.2125	339.3738	69126	360
949.4	341.56665	69493	160
1042.0714	346.92856	69693	93
1085.7517	343.08813	69950	406
1151.0333	351.4	70396	100
1150.9358	353.57855	70550	146
1177.75	353.9375	70743	53
1178.2	354.5	70929	67
1240.8667	351.4	71096	100
1324.3572	358.35715	71419	47
1325.375	359.29166	71496	80
1355.0769	362.30768	71603	43
1350.6154	358.46155	71696	43
968.7911	352.69247	71839	230
664.14557	358.19263	72139	227
663.4667	355.13333	72396	50
834.58105	373.0165	72519	280
896.3815	371.01852	72849	140
898.43475	369.91306	72999	77
925.75	357.10913	73106	153
1031.1333	362.67776	73299	300
1154.0333	364.63333	73699	150
1188.6924	367.51202	73912	140
1188.4348	368.78262	74106	76
1201.289	370.66666	74299	300
1200.925	373.23572	74606	193
551.86664	386.93332	74899	50
553.5187	389.43478	74952	123
650.0375	381.7125	75245	120
650.8	380.2	75402	100
893.49567	396.34415	75729	143
890.0714	398.14285	75902	46
1142.5333	395.4	76002	100
1142.8167	394.9729	76149	153
1097.5883	387.64706	76315	57
1097.6111	390.22223	76402	60
1042.174	385.43478	76525	77
1041.2113	385.7814	76619	276
1169.3077	396.69232	76915	87
1170.3572	396.64285	77009	93
1169.6666	401.8889	77142	60
1232.4375	401.5625	77242	53
1234.4615	405.53845	77359	43
1356.6111	415.3889	77512	60
1358.1	415.26666	77602	100
1325.4209	411.64722	77725	150
1325.6875	406.6875	77905	53
1328.5409	416.77405	77962	96
693.863	407.48148	78115	140
693.2857	407.85715	78258	47
660.8077	409.03845	78318	87
661.548	407.1515	78432	133
737.13336	406.6	78738	50
738.5	403.63635	78805	73
738.38464	405.53845	78912	43
992.26666	408.0	79005	100
994.1818	406.68182	79112	73
1021.2722	410.16666	79205	160
1236.8334	417.72223	79405	60
1240.0	416.72223	79525	60
1283.2222	415.66666	79818	90
1356.9546	422.72726	79935	73
1356.8667	431.8	80108	50
1358.1448	431.24725	80265	113
1358.5	431.42856	80425	46
569.5	432.875	80545	53
573.0769	431.53845	80608	43
574.1875	429.5625	80655	53
575.5333	433.6	80758	50
574.9286	425.0	80931	47
578.4737	429.78946	81035	63
551.7143	454.57144	81115	46
553.4667	456.56668	81208	100
668.9048	457.9524	81438	70
731.26666	446.53333	81741	50
730.125	447.375	81808	53
932.55	439.65	81941	67
931.8461	433.53845	82038	43
957.93335	440.33334	82158	50
1085.4375	456.6875	82254	54
1087.8636	459.27274	82335	73
1087.3334	455.2	82434	50
1274.0	462.4	82711	50
1340.7654	480.4359	82911	143
1360.3334	483.5	83111	80
712.6429	484.92856	83411	46
712.28845	485.48352	83468	89
704.8214	507.0	83718	93
1049.6957	503.26086	84434	77
1051.0	504.07693	84568	43
1319.1428	521.9286	84814	46
815.13336	521.13336	85131	49
818.2353	515.8823	85557	57
665.375	562.0625	85831	53
650.0	584.36365	85941	73
648.88464	590.1923	86127	87
741.0714	589.8571	86267	47
771.05	585.85	87128	66
880.6333	583.93335	87314	150
880.9286	584.6429	87468	46
878.619	585.4286	87544	70
944.5714	569.4286	88231	46
946.6111	569.55554	88314	60
950.7857	583.7857	88967	47
689.41174	396.88235	90617	56
762.03705	711.2963	91027	90
761.9286	704.9286	91270	47
872.8333	481.93332	91417	100
873.7647	483.35294	91560	57
876.7727	479.9091	91644	73
878.5714	477.66666	91724	69
941.38464	545.61536	92154	43
942.9474	536.5263	92217	63
869.9231	524.46155	92577	43
