GazePointX	GazePointY	RecordingTimestamp	Duration
853.0455	361.81818	53	73
854.0	363.3846	133	86
728.0769	129.35898	556	130
570.7959	81.734695	713	163
655.8298	80.34042	1006	156
693.0	85.78378	1169	123
665.0	85.0	1506	150
719.45	85.95	1693	66
799.2857	94.35714	2106	46
797.0	89.13333	2169	50
901.5833	71.479164	2509	160
900.2857	71.46429	2672	93
897.7442	72.93023	2769	143
942.3211	75.16514	3009	363
977.04	80.04	4009	83
548.9643	101.92857	4206	93
565.1429	112.78571	4625	47
575.375	116.875	4709	53
666.5	115.75	5249	53
800.2308	120.23077	6559	43
853.7	118.0	6675	67
899.37384	118.42991	7012	356
934.9	124.65	7515	66
1044.8125	131.9375	8515	53
1077.8	132.05714	8658	117
1079.0	136.0	8882	43
1108.7106	131.42105	9015	126
1148.0822	126.57534	9515	243
1260.5306	119.57143	10518	163
1292.1666	118.53333	10688	100
1291.2858	126.71429	11045	93
1344.6666	119.933334	11518	50
1298.2222	122.95238	11575	209
1349.3158	127.1579	12021	126
1373.0513	127.089745	12151	260
668.9054	145.2973	12578	246
549.69116	141.97058	13021	226
609.98	147.14	13268	166
663.2857	150.03896	13558	256
664.9375	152.25	13818	53
681.7347	151.08163	14021	163
792.2308	153.0	14607	130
820.4737	154.5	14747	127
818.0	154.52942	14877	57
835.2143	148.92857	15261	46
832.1	155.2	15311	66
831.19147	156.30852	15524	313
886.05554	156.27777	16024	60
909.65515	156.94254	16087	290
1097.1305	151.21739	17527	76
1129.6571	152.18571	17614	233
1181.5	152.21428	17860	47
1217.7946	156.34247	18064	243
1332.4	159.86667	19030	150
1334.6444	158.51111	19183	150
1367.2	156.58182	19530	183
538.9762	158.35715	19787	139
573.02704	165.67567	20043	247
620.5859	168.90909	20530	330
687.2414	174.65517	20876	97
686.17145	167.61429	21030	233
711.93616	166.44681	21533	313
712.3684	166.36842	21850	63
740.8387	173.7258	22046	207
784.25	172.40625	22256	107
785.0714	171.14285	22373	46
744.05554	169.64815	22533	180
744.0909	172.0	22716	73
740.1539	172.92308	22796	43
775.619	170.14285	23050	69
775.1177	171.23529	23126	57
800.52	168.68	23209	84
841.7778	173.33333	23536	90
874.2222	175.34921	23633	209
877.2973	176.48648	23846	123
943.7907	180.86046	24116	143
1052.1538	172.57692	24693	86
1051.7778	173.69444	24786	120
1078.875	175.5625	25043	53
1080.2667	174.66667	25099	100
1097.705	176.63934	25283	203
1186.1549	177.56339	26092	237
1186.1555	175.42223	26539	150
1262.125	170.025	27106	133
1322.875	173.96875	27272	107
1322.6666	171.61905	27562	70
1313.4667	164.93333	27662	50
1321.8209	169.10448	28039	223
1345.1111	181.0	28542	210
1375.8667	179.46666	29042	50
552.3095	182.07936	29542	420
588.1875	190.9375	30042	53
589.96	189.52	30099	83
634.0769	190.84616	30229	43
680.7143	188.35715	30542	46
680.37036	191.72223	30592	179
728.0455	192.77272	31045	73
728.0714	194.35715	31122	46
746.0	192.57143	31238	47
746.13336	193.8	31288	50
744.4	191.2	31545	50
788.03	193.67	31602	333
792.8148	190.77777	32045	90
833.075	195.0	32142	266
833.625	196.8125	32412	53
878.4054	193.92793	32548	370
928.4051	197.72151	33048	263
967.68134	189.0	33548	303
993.8205	189.1282	33861	130
994.4583	190.52083	34048	160
992.26215	192.28156	34548	343
649.5357	212.39285	35051	93
572.61536	215.6923	35158	43
574.9167	217.04167	35551	80
623.3684	217.10527	35668	63
624.7679	217.92857	35734	187
680.5333	215.83333	36051	100
623.875	214.125	36158	53
625.5	216.0875	36214	267
698.6316	216.1579	36551	63
698.35297	212.76471	36621	113
750.2273	215.95454	36784	73
794.625	217.27083	37051	160
750.775	212.2625	37224	267
803.61536	212.11539	37554	86
802.2308	211.46153	37644	43
847.9697	221.39394	37787	110
869.3134	224.14925	38054	446
937.5	226.08824	38554	113
942.5	227.1875	39054	53
940.7619	228.57143	39147	70
941.8571	227.19048	39257	70
653.95654	235.69565	39604	76
612.73914	237.08696	39781	76
605.32074	241.83018	40054	176
605.3269	244.63461	40234	173
661.835	243.48454	40557	323
707.2857	241.4762	41120	70
727.1489	242.03192	41194	313
787.7857	243.0	42060	47
827.2917	253.04167	42153	80
827.7679	255.375	42263	187
866.49274	254.24638	42560	230
948.46155	251.15384	43060	43
951.1429	241.57143	43107	139
977.1429	245.85715	43560	70
1026.449	243.30612	43723	163
1089.4445	255.01587	44563	210
1141.2297	254.36487	45063	246
1232.6271	257.71185	45620	196
1230.3077	256.15384	45820	43
1297.2858	258.92856	46063	93
1296.7941	260.55884	46160	113
1298.8823	260.17648	46296	57
1363.2307	265.53845	46563	43
1381.5714	262.22076	46640	256
598.0	268.375	47113	53
599.61536	269.02563	47170	129
598.67444	270.51163	47303	143
632.625	269.6875	47566	53
632.4286	269.7619	47623	69
634.0769	269.6154	47696	43
677.087	269.3913	47763	229
706.61536	267.69232	48066	43
705.4516	267.9355	48113	103
752.54095	267.39343	48223	203
817.17645	266.82352	48679	57
817.2286	278.91428	48739	117
819.54285	277.42856	48859	117
888.726	281.60275	49066	243
988.8571	274.2857	49576	116
991.3077	271.84616	50069	86
1063.9368	276.92404	50162	263
1097.6538	279.65384	50436	86
1097.25	278.6875	50569	53
1168.8529	280.25	50746	226
1198.3334	275.43332	51069	100
1207.5737	275.0	51179	203
1221.48	280.8	51386	83
1247.9166	280.95834	51599	160
1257.4359	281.92307	51762	130
1267.9	284.65	51895	67
1323.5333	279.73334	51972	50
1329.8823	288.77646	52079	283
1369.75	284.875	52572	53
674.8293	288.7561	52682	136
595.3409	290.97726	52832	146
598.93335	288.62222	53072	150
650.43634	285.41818	53252	183
687.26666	284.0	53572	50
722.2069	283.10345	53629	96
721.2857	283.2143	53729	186
765.91174	280.70587	54075	226
835.0323	291.8387	54575	103
912.3333	296.96826	54692	209
963.7105	284.89474	55075	126
963.6087	285.43478	55205	76
1007.32	289.24	55292	83
1007.2857	289.0	55378	70
625.875	301.0	55608	107
601.8	301.9	55798	100
605.2857	301.42856	55902	46
635.9286	298.5476	56075	140
673.76746	295.6279	56242	143
638.5625	295.6875	56578	107
704.5161	293.8387	56695	103
705.25	291.91666	56801	80
739.2857	291.2381	57078	70
797.9286	292.57144	57161	47
800.0	298.97958	57615	163
869.9737	310.39474	57785	126
891.4	313.975	58078	133
893.32556	313.51163	58215	143
880.9667	309.63333	58621	100
881.5122	313.90244	58724	137
946.62164	302.81082	59081	123
985.8551	308.53622	59211	230
1037.7142	312.2857	59581	70
1070.5714	316.33334	59664	70
1071.7941	314.61765	59738	113
1105.619	312.4762	60081	70
1163.6923	314.43588	60194	130
1234.8422	314.6842	60608	63
1232.3438	314.28125	60744	213
1290.2307	315.73077	61084	87
1289.6364	313.18182	61221	73
576.1539	328.03845	61584	173
616.3125	323.6875	62084	160
679.0682	314.88635	62257	147
699.7222	314.83334	62584	60
740.375	319.4375	62651	53
738.65936	316.3956	62717	303
811.9722	315.0	63084	120
812.7045	314.5	63244	146
889.9074	331.77777	63587	180
1035.7537	324.46378	64087	230
1099.0	325.6	64330	117
1174.6632	329.69388	64587	326
1192.9	332.4	64934	66
1193.3077	330.84616	65087	43
1193.2307	329.65384	65157	86
1255.2941	328.35294	65284	56
1253.6923	329.15384	65344	43
1286.4546	327.0909	65630	73
1320.0	332.5	65760	46
1326.8206	343.94873	65843	130
1353.75	340.8125	66090	160
1367.82	343.04	66307	166
620.5217	333.1087	66613	307
650.4359	335.6154	67090	130
667.1	335.4875	67223	267
708.9385	340.23077	67633	217
779.56	339.04	68090	83
781.5946	339.5946	68177	122
815.129	339.01614	68317	206
858.31464	350.7528	68633	296
963.10187	339.42593	69126	360
949.5	341.33334	69593	60
1040.0834	346.55554	69666	120
1094.0127	346.40506	70093	263
1150.919	350.8919	70376	123
1150.3939	353.63635	70596	110
1177.6154	353.6154	70743	86
1240.4286	351.2381	71096	140
1324.3572	358.35715	71419	47
1355.0769	362.30768	71603	43
1351.0588	359.52942	71683	56
664.2206	358.44116	72139	227
663.4783	354.34784	72369	77
834.33826	372.94116	72596	226
896.2619	370.92856	72849	140
925.6957	356.8913	73106	153
1154.0652	364.52173	73696	153
1188.4348	368.78262	74106	76
1201.5807	369.9516	74292	207
1201.116	372.56522	74606	229
551.7143	387.0	74902	47
649.9722	381.72223	75245	120
893.48834	396.3256	75729	143
890.36365	398.63635	75875	73
1142.7609	395.02173	76149	153
1097.5883	387.64706	76315	57
1097.6	389.95	76395	67
1041.2289	385.7229	76619	276
1169.2593	396.37036	76915	90
1170.0	400.18518	77142	90
1232.4375	401.5625	77242	53
1234.2142	406.0	77359	46
1357.8	415.22858	77602	116
1325.4667	411.73334	77725	150
1325.1666	406.77777	77898	60
693.6905	407.42856	78115	140
692.8125	408.0	78258	53
661.1515	409.0303	78318	110
736.5625	403.1875	78682	53
737.13336	406.6	78738	50
738.5	404.03845	78792	86
738.38464	405.53845	78912	43
994.1818	406.68182	79112	73
1021.0566	410.37735	79188	177
1236.579	417.6842	79402	63
1283.2222	415.66666	79818	90
1356.8667	431.8	80108	50
1358.0883	431.55884	80265	113
1358.5	431.42856	80425	46
573.0769	431.53845	80608	43
574.0909	430.36365	80655	73
575.6316	434.42105	80758	63
574.9286	425.0	80931	47
551.7143	454.57144	81115	46
553.7027	456.0811	81205	123
557.0	458.3125	81371	53
730.8461	444.0	81695	43
731.26666	446.53333	81741	50
730.3158	447.26315	81798	63
932.3214	438.82144	81941	93
957.9	439.95	82158	66
1085.6957	456.6087	82254	77
1087.8966	457.93103	82335	96
1274.0714	462.2143	82714	47
1271.8462	464.92307	82788	43
1360.3334	483.5	83111	80
1357.7142	484.2857	83194	47
713.0	483.73685	83394	63
1049.6765	503.14706	84434	113
1318.52	523.32	84777	83
815.13336	521.13336	85131	49
665.375	562.0625	85831	53
649.09375	589.09375	86127	107
741.0714	589.8571	86267	47
771.05	585.85	87128	66
880.8148	583.5926	87284	180
880.9286	584.6429	87468	46
944.5714	569.4286	88231	46
689.41174	396.88235	90617	56
761.2381	704.4762	91270	70
873.18604	482.76746	91414	143
876.913	479.91306	91644	76
941.38464	545.61536	92154	43
942.6667	536.8333	92200	80
